2 0.4477211796246649 0.17238912732474965 0.2797140303842717 0.032188841201716736
2 0.7609472743521001 0.1684549356223176 0.291331546023235 0.032904148783977114
2 0.2770330652368186 0.6795422031473534 0.024128686327077747 0.10658082975679542
0 0.9571045576407506 0.31723891273247495 0.08579088471849866 0.2696709585121602
0 0.7560321715817694 0.31759656652360513 0.30831099195710454 0.2696709585121602
0 0.44414655942806075 0.31795422031473536 0.2975871313672922 0.2703862660944206
0 0.44414655942806075 0.6502145922746781 0.30294906166219837 0.19957081545064378
0 0.7533512064343163 0.6680972818311874 0.30294906166219837 0.16523605150214593
0 0.8328865058087578 0.617310443490701 0.14209115281501342 0.056509298998569386
0 0.13360142984807863 0.6759656652360515 0.26720285969615726 0.13876967095851217
0 0.4584450402144772 0.382689556509299 0.9168900804289544 0.4291845493562232
1 0.2059874888293119 0.6047925608011445 0.064343163538874 0.11158798283261803
1 0.5594280607685433 0.42989985693848354 0.06881143878462913 0.056509298998569386
1 0.6420911528150134 0.5582975679542204 0.06613047363717604 0.05436337625178827
1 0.8324396782841823 0.5629470672389127 0.05719392314566577 0.0536480686695279
1 0.9137622877569258 0.5296852646638054 0.15013404825737264 0.10157367668097282
1 0.8570151921358355 0.43168812589413447 0.0777479892761394 0.060085836909871244
1 0.886952636282395 0.336552217453505 0.07149240393208221 0.05436337625178827