2 0.5522788203753352 0.8276108726752504 0.2797140303842717 0.032188841201716736
2 0.23905272564789992 0.8315450643776824 0.291331546023235 0.032904148783977114
2 0.7229669347631814 0.32045779685264664 0.024128686327077747 0.10658082975679542
0 0.04244861483467382 0.6820457796852647 0.08489722966934764 0.2696709585121602
0 0.24396782841823056 0.6824034334763949 0.30831099195710454 0.2696709585121602
0 0.5558534405719392 0.6820457796852647 0.2975871313672922 0.2703862660944206
0 0.5558534405719392 0.3497854077253219 0.30294906166219837 0.19957081545064378
0 0.24664879356568364 0.3319027181688126 0.30294906166219837 0.16523605150214593
0 0.1671134941912422 0.382689556509299 0.14209115281501342 0.056509298998569386
0 0.8659517426273459 0.32331902718168815 0.2680965147453083 0.13876967095851217
0 0.5411081322609472 0.6165951359084406 0.9177837354781054 0.4291845493562232
1 0.7940125111706882 0.3952074391988555 0.064343163538874 0.11158798283261803
1 0.44057193923145666 0.5701001430615165 0.06881143878462913 0.056509298998569386
1 0.3579088471849866 0.4417024320457797 0.06613047363717604 0.05436337625178827
1 0.1675603217158177 0.43705293276108725 0.05719392314566577 0.0536480686695279
1 0.08623771224307418 0.47031473533619456 0.15013404825737264 0.10157367668097282
1 0.14298480786416443 0.5683118741058655 0.0777479892761394 0.060085836909871244
1 0.113047363717605 0.663447782546495 0.07149240393208221 0.05436337625178827