0 0.9365015974440895 0.5379669320269442 0.1269968051118211 0.18922229026331905
2 0.862220447284345 0.39406001224739745 0.011182108626198083 0.09185548071034905
2 0.8650159744408946 0.5995101041028781 0.016773162939297124 0.07042253521126761
2 0.16773162939297126 0.4191671769748928 0.018370607028753993 0.08940600122473974
2 0.3773961661341853 0.7238211879975506 0.04952076677316294 0.012859767299448868
0 0.0878594249201278 0.6524800979791794 0.14456869009584664 0.13227189222290264
0 0.23242811501597443 0.6708511941212493 0.10303514376996806 0.09675443968156766
0 0.39456869009584666 0.6677893447642376 0.19408945686900958 0.09920391916717697
0 0.33506389776357826 0.4038579301898347 0.3194888178913738 0.17146356399265156
0 0.5371405750798722 0.6684017146356399 0.06869009584664537 0.09430496019595835
0 0.5575079872204473 0.5183710961420698 0.5966453674121406 0.39436619718309857
1 0.8686102236421726 0.496325780771586 0.15814696485623003 0.06858542559706063
1 0.5395367412140575 0.5906307409675444 0.07028753993610223 0.05878750765462339
1 0.40894568690095845 0.47764849969381507 0.06469648562300319 0.05695039804041641
1 0.41573482428115016 0.5979791794243723 0.06230031948881789 0.05511328842620943
1 0.3059105431309904 0.642375995101041 0.06629392971246006 0.04837721984078383
1 0.22803514376996806 0.5352112676056338 0.07827476038338659 0.0520514390691978
1 0.14017571884984026 0.5342927127985303 0.0670926517571885 0.05388854868340478
1 0.06230031948881789 0.5627679118187385 0.05830670926517572 0.05572565829761176