0 0.0892579138557343 0.5048828125 0.07991696938245978 0.60498046875
0 0.22314478463933576 0.296142578125 0.16709911779968864 0.18505859375
2 0.16683964711987545 0.19775390625 0.022833419823559936 0.013671875
2 0.22496107939802804 0.197509765625 0.05656460819927348 0.0146484375
2 0.27711468604047745 0.197265625 0.021795537104307212 0.01171875
2 0.1816294758692268 0.808837890625 0.02127659574468085 0.01220703125
2 0.2667358588479502 0.81201171875 0.0233523611831863 0.0107421875
2 0.04722366372599896 0.547607421875 0.013492475350285417 0.02001953125
2 0.8303061754021795 0.533203125 0.010897768552153606 0.06298828125
2 0.8300467047223664 0.713623046875 0.012973533990659055 0.04541015625
2 0.4795018162947587 0.71875 0.015568240788790867 0.0625
2 0.4776855215360664 0.53564453125 0.015049299429164505 0.103515625
2 0.4766476388168137 0.28857421875 0.011416709911779968 0.060546875
2 0.8303061754021795 0.406494140625 0.015049299429164505 0.021484375
2 0.8303061754021795 0.26318359375 0.013492475350285417 0.06005859375
2 0.6107939802802284 0.81103515625 0.01816294758692268 0.0107421875
2 0.6959003632589518 0.811767578125 0.024909185262065387 0.0146484375
0 0.5246497145822522 0.3984375 0.07991696938245978 0.0654296875
0 0.6030098598858329 0.3984375 0.065905552672548 0.06201171875
0 0.5609756097560976 0.283447265625 0.14997405293201868 0.15966796875
0 0.7309289050337312 0.262939453125 0.1826673585884795 0.115234375
0 0.692008303061754 0.76806640625 0.10067462376751427 0.07177734375
0 0.7714063310845874 0.722900390625 0.09807991696938247 0.1611328125
0 0.6785158277114686 0.68359375 0.07680332122470161 0.08056640625
0 0.6543850544888428 0.619140625 0.33575505967825636 0.3681640625
0 0.8770108977685521 0.379150390625 0.08251167618059159 0.125
0 0.7309289050337312 0.3779296875 0.1800726517903477 0.1142578125
0 0.690451478982875 0.855224609375 0.2402698495070057 0.080078125
1 0.7724442138038402 0.82568359375 0.04151530877010898 0.04833984375
1 0.7651790347690711 0.75244140625 0.03943954333160353 0.03759765625
1 0.7708873897249611 0.6552734375 0.03528801245459263 0.03662109375
1 0.8489880643487286 0.349853515625 0.05345096004151531 0.03759765625
1 0.7864556305137519 0.349609375 0.04411001556824079 0.037109375
1 0.7254800207576544 0.304931640625 0.03736377789309808 0.0390625
1 0.6580176440062273 0.389892578125 0.04462895692786715 0.0361328125
1 0.6224701608718215 0.343017578125 0.040477426050856254 0.037109375
1 0.6992734820965231 0.7431640625 0.03217436429683446 0.03271484375
0 0.2252205500778412 0.7109375 0.1717695900363259 0.18212890625
0 0.2239231966787753 0.85595703125 0.1634665282823041 0.07958984375
0 0.3557343020238713 0.621826171875 0.0742086144265698 0.36181640625
0 0.35755059678256357 0.294921875 0.07317073170731707 0.1767578125
0 0.26543850544888425 0.505126953125 0.25064867669953295 0.22216796875
1 0.22625843279709393 0.827392578125 0.040477426050856254 0.046875
1 0.22729631551634666 0.631591796875 0.0425531914893617 0.041015625
1 0.21587960560456668 0.458251953125 0.04566683964711987 0.0380859375
1 0.19356512714063312 0.371337890625 0.03632589517384536 0.041015625