0 0.49481759912481244 0.11359797297297299 0.6431506753250396 0.07516891891891894
0 0.7167561957390707 0.23944256756756757 0.19658059720332685 0.15709459459459457
2 0.8213298924248587 0.18644425675675677 0.014362052763713466 0.02153716216216217
2 0.8215542994992917 0.24113175675675677 0.015708495210311587 0.053209459459459485
2 0.8217787065737249 0.2903293918918919 0.012566796168249223 0.020692567567567544
2 0.17167141194126145 0.20038006756756757 0.013015610317115225 0.01984797297297297
2 0.16830530582476613 0.28040540540540543 0.011669167870517102 0.02195945945945943
2 0.4494873700893421 0.07390202702702703 0.02109426499670408 0.012668918918918914
2 0.46474705115078757 0.8108108108108109 0.06687330818104037 0.010135135135135087
2 0.2728790025105542 0.8105996621621622 0.04847192807753265 0.012246621621621712
2 0.26749323272416164 0.480785472972973 0.06642449403217436 0.014780405405405372
2 0.4620541662575913 0.4790962837837838 0.10995946647218052 0.013935810810810856
2 0.7246104433442264 0.47804054054054057 0.06418042328784423 0.010979729729729715
2 0.5993912958106005 0.8108108108108109 0.022889521592168085 0.014358108108108114
2 0.751763699350622 0.8108108108108109 0.06373160913897812 0.012668918918918859
2 0.16942734119693126 0.6043074324324325 0.0112203537216511 0.016891891891891886
2 0.16852971289919916 0.6843327702702703 0.015708495210311528 0.023226351351351315
0 0.6079187646390554 0.5232263513513514 0.06956619307423673 0.07516891891891891
0 0.6079187646390554 0.5969172297297297 0.06597567988330824 0.06207770270270263
0 0.730220620205052 0.5574324324324325 0.16965174827136417 0.14104729729729737
0 0.7519881064250551 0.7172719594594595 0.12252626264042987 0.171875
0 0.21498197730683463 0.6807432432432433 0.07629840530722734 0.09459459459459452
0 0.2632294983099342 0.7552787162162162 0.17099819071796238 0.09248310810810811
0 0.30496921415447625 0.6678631756756757 0.0857235024334142 0.07221283783783794
0 0.37341337185654777 0.6452702702702703 0.39136593781118956 0.31587837837837834
0 0.6283398084124602 0.8547297297297298 0.13284898806434872 0.07770270270270263
0 0.6296862508590584 0.7172719594594595 0.12117982019383151 0.16934121621621623
0 0.12252626264042975 0.6792652027027027 0.08527468828454818 0.22592905405405417
1 0.15394325306105275 0.7563344594594595 0.0511648129707289 0.038851351351351315
1 0.2318125078893112 0.7495777027027027 0.03994445924907786 0.03716216216216206
1 0.3350397621285011 0.754856418918919 0.03904683095134579 0.0333614864864864
1 0.6595323917586502 0.8283361486486487 0.039944459249077795 0.05025337837837829
1 0.6597567988330832 0.7694256756756758 0.039495645100211675 0.04138513513513509
1 0.7073310986128838 0.7122043918918919 0.04129090169567592 0.03505067567567566
1 0.6168950476163761 0.6486486486486487 0.03814920265361355 0.042229729729729826
1 0.6669378252149399 0.6152871621621622 0.039495645100211675 0.0380067567567568
1 0.24168641916436417 0.6875 0.0345586894626853 0.030405405405405483
0 0.27579629447818343 0.24134290540540543 0.19343889816126458 0.1617398648648649
0 0.12162863434269766 0.24028716216216217 0.08437705998681608 0.15371621621621623
0 0.3704960798889185 0.3642314189189189 0.38463372557819897 0.06967905405405406
0 0.7178782311112358 0.3659206081081081 0.18805312837487198 0.06883445945945943
0 0.49459319205037944 0.27934966216216217 0.23607624230353863 0.23606418918918923
1 0.15192358939115558 0.24239864864864866 0.049818370524130774 0.03800675675675674
1 0.36017335446499954 0.2434543918918919 0.04353497244000616 0.04011824324324326
1 0.5444115625745102 0.2326858108108108 0.040393273397943914 0.043074324324324315
1 0.636642870166482 0.2117820945945946 0.04353497244000628 0.034206081081081086