2 0.8373317729666472 0.5355342741935484 0.01930953774136922 0.046370967741935484
2 0.8382094792276185 0.7003528225806451 0.012873025160912814 0.07762096774193548
2 0.310122878876536 0.6622983870967742 0.018139262726740785 0.1123991935483871
2 0.30953774136922174 0.3654233870967742 0.00994733762434172 0.0751008064516129
0 0.7554125219426565 0.2701612903225806 0.136337039204213 0.15272177419354838
0 0.6483323581041545 0.3815524193548387 0.10825043885313049 0.1436491935483871
0 0.7650672908133411 0.4012096774193548 0.09830310122878877 0.09425403225806452
0 0.5315974253949678 0.24873991935483872 0.28671737858396723 0.10786290322580645
0 0.2612638970157987 0.25756048387096775 0.07489760093622001 0.1345766129032258
0 0.3507899356348742 0.24899193548387097 0.06553540081919251 0.1123991935483871
0 0.4534815681685196 0.38130040322580644 0.2650672908133411 0.14213709677419356
0 0.13750731421884144 0.24571572580645162 0.15389116442363956 0.10685483870967742
0 0.922469280280866 0.6310483870967742 0.14628437682855472 0.26360887096774194
0 0.713867758923347 0.5738407258064516 0.22761849034523113 0.13205645161290322
0 0.6869514335868929 0.7056451612903226 0.28496196606202456 0.11743951612903226
0 0.45582211819777646 0.6365927419354839 0.26974839087185487 0.2595766129032258
1 0.8352837916910474 0.5844254032258065 0.12287887653598596 0.05040322580645161
1 0.7384435342305442 0.33064516129032256 0.04388531304856641 0.05090725806451613
1 0.6597425394967817 0.2522681451612903 0.05500292568753657 0.04032258064516129
1 0.6354593329432416 0.29158266129032256 0.035693387946167346 0.04133064516129032
1 0.5579286132241077 0.33064516129032256 0.044470450555880635 0.05090725806451613
1 0.3607372732592159 0.28276209677419356 0.058513750731421885 0.051915322580645164
1 0.2814511410181393 0.2794858870967742 0.07080163838502047 0.046370967741935484
1 0.13282621416032767 0.3298891129032258 0.04856641310708017 0.05846774193548387
1 0.564072557050907 0.6648185483870968 0.04505558806319485 0.04788306451612903
1 0.6155646576945583 0.6217237903225806 0.05324751316559392 0.04133064516129032