2 0.16266822703335285 0.4644657258064516 0.01930953774136922 0.046370967741935484
2 0.1617905207723815 0.2996471774193548 0.012873025160912814 0.07762096774193548
2 0.689877121123464 0.3377016129032258 0.018139262726740785 0.1123991935483871
2 0.6904622586307783 0.6345766129032258 0.00994733762434172 0.0751008064516129
0 0.2445874780573435 0.7298387096774194 0.136337039204213 0.15272177419354838
0 0.35166764189584554 0.6184475806451613 0.10825043885313049 0.1436491935483871
0 0.23493270918665887 0.5987903225806451 0.09830310122878877 0.09425403225806452
0 0.4684025746050322 0.7512600806451613 0.28671737858396723 0.10786290322580645
0 0.7387361029842013 0.7424395161290323 0.07489760093622001 0.1345766129032258
0 0.6492100643651258 0.751008064516129 0.06553540081919251 0.1123991935483871
0 0.5465184318314804 0.6186995967741935 0.2650672908133411 0.14213709677419356
0 0.8624926857811586 0.7542842741935484 0.15389116442363956 0.10685483870967742
0 0.077530719719134 0.3689516129032258 0.14628437682855472 0.26360887096774194
0 0.286132241076653 0.4261592741935484 0.22761849034523113 0.13205645161290322
0 0.3130485664131071 0.29435483870967744 0.28496196606202456 0.11743951612903226
0 0.5441778818022235 0.3634072580645161 0.26974839087185487 0.2595766129032258
1 0.16471620830895262 0.41557459677419356 0.12287887653598596 0.05040322580645161
1 0.26155646576945585 0.6693548387096774 0.04388531304856641 0.05090725806451613
1 0.34025746050321826 0.7477318548387096 0.05500292568753657 0.04032258064516129
1 0.36454066705675836 0.7084173387096774 0.035693387946167346 0.04133064516129032
1 0.44207138677589236 0.6693548387096774 0.044470450555880635 0.05090725806451613
1 0.6392627267407841 0.7172379032258065 0.058513750731421885 0.051915322580645164
1 0.7185488589818607 0.7205141129032258 0.07080163838502047 0.046370967741935484
1 0.8671737858396723 0.6701108870967742 0.04856641310708017 0.05846774193548387
1 0.435927442949093 0.33518145161290325 0.04505558806319485 0.04788306451612903
1 0.3844353423054418 0.3782762096774194 0.05324751316559392 0.04133064516129032