2 0.18598484848484848 0.843042071197411 0.02196969696969697 0.0744336569579288
2 0.18484848484848485 0.6423948220064725 0.024242424242424242 0.14401294498381878
2 0.18181818181818182 0.33495145631067963 0.022727272727272728 0.11326860841423948
2 0.18636363636363637 0.11893203883495146 0.016666666666666666 0.1423948220064725
2 0.9178030303030303 0.1901294498381877 0.017424242424242425 0.07766990291262135
2 0.9208333333333333 0.334546925566343 0.01893939393939394 0.1464401294498382
0 0.3231060606060606 0.8794498381877023 0.25833333333333336 0.16181229773462782
0 0.3268939393939394 0.6577669902912622 0.25984848484848483 0.2686084142394822
0 0.5367424242424242 0.9203074433656958 0.1340909090909091 0.08009708737864078
0 0.5363636363636364 0.6990291262135923 0.13484848484848486 0.35760517799352753
0 0.6882575757575757 0.8806634304207119 0.13863636363636364 0.16747572815533981
0 0.8363636363636363 0.8851132686084142 0.12272727272727273 0.15048543689320387
0 0.7625 0.6508899676375405 0.29318181818181815 0.2726537216828479
0 0.10151515151515152 0.7394822006472492 0.13636363636363635 0.46116504854368934
0 0.10416666666666667 0.22168284789644013 0.12954545454545455 0.44336569579288027
0 0.8606060606060606 0.16585760517799353 0.09242424242424242 0.11326860841423948
0 0.8560606060606061 0.0505663430420712 0.09848484848484848 0.09466019417475728
0 0.4984848484848485 0.22532362459546926 0.6075757575757575 0.44902912621359226
0 0.7617424242424242 0.3353559870550162 0.2946969696969697 0.22411003236245955
1 0.44772727272727275 0.834546925566343 0.04242424242424243 0.07686084142394822
1 0.45 0.7277508090614887 0.04696969696969697 0.0784789644012945
1 0.546969696969697 0.8644822006472492 0.05757575757575758 0.03964401294498382
1 0.6276515151515152 0.7382686084142395 0.04318181818181818 0.07200647249190939
1 0.7090909090909091 0.7835760517799353 0.048484848484848485 0.03802588996763754
1 0.756439393939394 0.8321197411003236 0.038636363636363635 0.063915857605178
1 0.7 0.24635922330097088 0.07727272727272727 0.05744336569579288
1 0.7931818181818182 0.18122977346278318 0.04242424242424243 0.06957928802588997
1 0.7958333333333333 0.07564724919093851 0.026515151515151516 0.049352750809061485
1 0.1662878787878788 0.23462783171521034 0.04924242424242424 0.06796116504854369
1 0.08522727272727272 0.8689320388349514 0.059848484848484845 0.040453074433656956