2 0.165283203125 0.20430107526881722 0.0654296875 0.06758832565284179
2 0.045166015625 0.5906298003072197 0.01708984375 0.07680491551459294
2 0.249267578125 0.21351766513056836 0.05517578125 0.0629800307219662
2 0.343994140625 0.21121351766513058 0.0234375 0.06758832565284179
2 0.448486328125 0.21812596006144394 0.04248046875 0.06144393241167435
2 0.564697265625 0.20890937019969277 0.1142578125 0.0629800307219662
0 0.852294921875 0.4838709677419355 0.09375 0.5038402457757296
0 0.131103515625 0.489247311827957 0.15576171875 0.48540706605222733
0 0.247314453125 0.35253456221198154 0.0654296875 0.1781874039938556
0 0.331787109375 0.38095238095238093 0.09326171875 0.28110599078341014
0 0.50146484375 0.4946236559139785 0.58349609375 0.4715821812596006
1 0.799560546875 0.5867895545314901 0.09423828125 0.14285714285714285
1 0.265380859375 0.7480798771121352 0.04833984375 0.29185867895545314
1 0.190673828125 0.6682027649769585 0.04736328125 0.1490015360983103
1 0.337158203125 0.5883256528417818 0.04052734375 0.13210445468509985
1 0.2939453125 0.4055299539170507 0.03955078125 0.09984639016897082