2 0.16538461538461538 0.20427188245025057 0.06561085972850678 0.06690437961785213
2 0.04524886877828054 0.5907514370512473 0.017194570135746615 0.07686886168859611
2 0.2493212669683258 0.2135246158016557 0.05520361990950229 0.06263388730181901
2 0.3438914027149321 0.21138936964363908 0.02352941176470591 0.06690437961785213
2 0.4484162895927602 0.2185068568370276 0.04253393665158367 0.061210389863141264
2 0.5647058823529412 0.20925412348562253 0.11402714932126701 0.06263388730181901
0 0.8522624434389141 0.4839891291504195 0.09366515837104084 0.5039180932919073
0 0.13122171945701358 0.48897137018579145 0.15565610859728507 0.4854126265890972
0 0.24728506787330318 0.3523156160727318 0.06561085972850678 0.17793717983471302
0 0.33167420814479637 0.3807855648462859 0.09321266968325792 0.2804289954195077
0 0.5013574660633484 0.49466535994050226 0.5837104072398192 0.4711776522023202
1 0.7995475113122172 0.5864809447352142 0.09411764705882364 0.14234974386777044
1 0.2653846153846154 0.7480479040251335 0.0484162895927602 0.29181697492892933
1 0.1907239819004525 0.6683320474591823 0.04751131221719457 0.14946723106115894
1 0.33710407239819007 0.5886161908932307 0.040723981900452455 0.13238526179702656
1 0.29389140271493214 0.4056967700231458 0.039366515837104044 0.0996448207074393