0 0.46996245306633294 0.22200956937799043 0.2690863579474343 0.15502392344497606
0 0.4662077596996245 0.3770334928229665 0.2615769712140175 0.14736842105263157
0 0.1639549436795995 0.3014354066985646 0.327909887359199 0.31004784688995213
0 0.03254067584480601 0.5287081339712919 0.06508135168961202 0.13301435406698564
0 0.1677096370463079 0.7210526315789474 0.3354192740926158 0.23253588516746412
0 0.41551939924906134 0.7832535885167464 0.15018773466833543 0.11770334928229666
0 0.41364205256570713 0.6617224880382775 0.1539424280350438 0.10430622009569378
0 0.5394242803504381 0.4933014354066986 0.9211514392991239 0.6880382775119617
1 0.9818523153942428 0.5507177033492823 0.03629536921151439 0.0660287081339713
1 0.4637046307884856 0.48564593301435405 0.06382978723404255 0.07368421052631578
1 0.41051314142678347 0.5770334928229665 0.08260325406758448 0.06889952153110047
1 0.27409261576971217 0.6301435406698565 0.07259073842302878 0.06411483253588517
1 0.2934918648310388 0.7641148325358852 0.09136420525657071 0.06220095693779904
1 0.2772215269086358 0.4291866028708134 0.07634543178973717 0.0660287081339713
1 0.45807259073842305 0.32966507177033494 0.08260325406758448 0.06985645933014355
1 0.1095118898623279 0.5114832535885168 0.08135168961201501 0.05837320574162679