0 0.5300375469336671 0.7779904306220096 0.2690863579474343 0.15502392344497606
0 0.5337922403003754 0.6229665071770335 0.2615769712140175 0.14736842105263157
0 0.8360450563204005 0.6985645933014354 0.327909887359199 0.31004784688995213
0 0.967459324155194 0.47129186602870815 0.06508135168961202 0.13301435406698564
0 0.8322903629536921 0.2789473684210526 0.3354192740926158 0.23253588516746412
0 0.5844806007509387 0.21674641148325358 0.15018773466833543 0.11770334928229666
0 0.5863579474342928 0.3382775119617225 0.1539424280350438 0.10430622009569378
0 0.46057571964956195 0.5066985645933014 0.9211514392991239 0.6880382775119617
1 0.018147684605757195 0.4492822966507177 0.03629536921151439 0.0660287081339713
1 0.5362953692115144 0.5143540669856459 0.06382978723404255 0.07368421052631578
1 0.5894868585732165 0.4229665071770335 0.08260325406758448 0.06889952153110047
1 0.7259073842302879 0.36985645933014355 0.07259073842302878 0.06411483253588517
1 0.7065081351689612 0.23588516746411484 0.09136420525657071 0.06220095693779904
1 0.7227784730913642 0.5708133971291866 0.07634543178973717 0.0660287081339713
1 0.541927409261577 0.6703349282296651 0.08260325406758448 0.06985645933014355
1 0.890488110137672 0.48851674641148324 0.08135168961201501 0.05837320574162679