0 0.50927734375 0.7933333333333333 0.1943359375 0.38666666666666666
2 0.608642578125 0.6304761904761905 0.005859375 0.0980952380952381
2 0.609375 0.8595238095238096 0.0048828125 0.2523809523809524
2 0.30712890625 0.2 0.17626953125 0.01619047619047619
0 0.793701171875 0.44095238095238093 0.20751953125 0.46476190476190476
0 0.936279296875 0.5190476190476191 0.091796875 0.13523809523809524
0 0.934814453125 0.38666666666666666 0.091796875 0.1180952380952381
0 0.93212890625 0.21714285714285714 0.10595703125 0.1961904761904762
1 0.888916015625 0.2923809523809524 0.0498046875 0.0419047619047619
1 0.881591796875 0.3504761904761905 0.0234375 0.037142857142857144
1 0.87841796875 0.559047619047619 0.02978515625 0.05142857142857143
1 0.61572265625 0.559047619047619 0.03125 0.05047619047619047
1 0.52197265625 0.5619047619047619 0.02978515625 0.04857142857142857
1 0.4111328125 0.16952380952380952 0.025390625 0.047619047619047616
1 0.467529296875 0.3057142857142857 0.01806640625 0.04
1 0.429931640625 0.26666666666666666 0.02685546875 0.0380952380952381
1 0.34326171875 0.2680952380952381 0.02734375 0.049523809523809526
1 0.366943359375 0.4195238095238095 0.02783203125 0.047619047619047616
1 0.20556640625 0.17285714285714285 0.0234375 0.05047619047619047
1 0.2958984375 0.4957142857142857 0.01904296875 0.0380952380952381
1 0.237548828125 0.6961904761904761 0.0244140625 0.04285714285714286
1 0.20458984375 0.7495238095238095 0.03662109375 0.06380952380952382
1 0.204833984375 0.8319047619047619 0.03466796875 0.06666666666666667
0 0.22802734375 0.8947619047619048 0.115234375 0.16857142857142857
0 0.486328125 0.2261904761904762 0.08447265625 0.1819047619047619
0 0.488525390625 0.3852380952380952 0.07861328125 0.1019047619047619
0 0.55810546875 0.5128571428571429 0.08447265625 0.1380952380952381
0 0.4580078125 0.5138095238095238 0.10107421875 0.12571428571428572
0 0.396728515625 0.3252380952380952 0.08251953125 0.23238095238095238
0 0.212890625 0.4980952380952381 0.388671875 0.5885714285714285