0 0.5092869982025164 0.7935130816856402 0.19412822049131218 0.386823019201689
2 0.6087477531455961 0.6304864618106081 0.005991611743559 0.09816656680647091
2 0.6094967046135411 0.8595417843590402 0.005092869982025183 0.2524283146452111
2 0.30707010185739964 0.20013124482866845 0.1761533852606351 0.015776769665325707
0 0.7935889754343919 0.44087306342549004 0.20730976632714193 0.4645382179234786
0 0.9363391252246854 0.5188804245484893 0.09197124026363102 0.135563354161317
0 0.9348412222887957 0.3868230192016891 0.09197124026363102 0.11803361008873296
0 0.9321449970041942 0.2173688265000428 0.10575194727381665 0.19633313361294188
1 0.8888556021569802 0.29216240120973497 0.049730377471539855 0.042071385774201886
1 0.8816656680647095 0.3503027190504722 0.023367285799880122 0.03681246255242665
1 0.8783702816057519 0.5591988359154327 0.029958058717795 0.05142058261291324
1 0.6156381066506891 0.558906673514223 0.031156381066506977 0.0508362578104938
1 0.5218693828639904 0.5618282975263204 0.029958058717795 0.04849895860081601
1 0.4110245656081486 0.16945419270164627 0.025164769322947866 0.047914633798396514
1 0.4676452965847813 0.3056018716653828 0.017974835230677 0.039734086564523985
1 0.4298981426003595 0.2664521099032783 0.02696225284601561 0.038565436959684986
1 0.3433193529059317 0.267912921909327 0.02756141402037149 0.04966760820565493
1 0.36683642899940083 0.4195452081371794 0.027860994607549427 0.04791463379839656
1 0.20566207309766327 0.17266797911495335 0.023666866387058116 0.05083625781049385
1 0.2958358298382265 0.4957995948529202 0.018873576992210928 0.03798111215726554
1 0.23756740563211504 0.6962230020827984 0.02456560814859199 0.04265571057662133
1 0.20461354104254045 0.7493965591029702 0.03654883163570999 0.06369140346372228
1 0.20476333133612942 0.8320785186453251 0.03445176752546436 0.0666130274758195
0 0.2279808268424206 0.8948934349054182 0.11503894547633317 0.16886986789922676
0 0.48621929298981426 0.22613369853633486 0.0844817255841821 0.18230933835487456
0 0.4886159376872379 0.3853622071956404 0.0784901138406231 0.10225684042340726
0 0.5581186339125225 0.5130371765242945 0.0844817255841821 0.13790065337099486
0 0.4580587177950869 0.5139136637279238 0.10125823846614734 0.12562983252018597
0 0.39679448771719594 0.3254689149476447 0.08238466147393653 0.23256127136294902
0 0.2130017974835231 0.4981368940625981 0.38885560215698023 0.5884150760364061