0 0.349609375 0.518095238095238 0.1982421875 0.379047619047619
2 0.43310546875 0.7119047619047619 0.05029296875 0.011428571428571429
2 0.315673828125 0.7133333333333334 0.12939453125 0.009523809523809525
2 0.653564453125 0.14761904761904762 0.00830078125 0.29523809523809524
0 0.5302734375 0.9352380952380952 0.23828125 0.1295238095238095
1 0.4697265625 0.7257142857142858 0.02587890625 0.06095238095238095
1 0.46826171875 0.5428571428571428 0.02490234375 0.058095238095238096
1 0.66943359375 0.32666666666666666 0.0244140625 0.049523809523809526
1 0.599609375 0.43666666666666665 0.0205078125 0.035238095238095235
1 0.61962890625 0.36333333333333334 0.01953125 0.05238095238095238
1 0.618896484375 0.19428571428571428 0.025390625 0.05333333333333334
1 0.541259765625 0.24047619047619048 0.0244140625 0.054285714285714284
1 0.502197265625 0.1019047619047619 0.01953125 0.037142857142857144
1 0.399169921875 0.005714285714285714 0.02197265625 0.011428571428571429
0 0.297607421875 0.040952380952380955 0.08642578125 0.08190476190476191
0 0.640380859375 0.47333333333333333 0.09326171875 0.16476190476190475
0 0.558837890625 0.4776190476190476 0.05224609375 0.15333333333333332
0 0.493408203125 0.6133333333333333 0.07080078125 0.16476190476190475
0 0.492919921875 0.4180952380952381 0.064453125 0.19714285714285715
0 0.589599609375 0.2985714285714286 0.119140625 0.16095238095238096
0 0.5009765625 0.1595238095238095 0.3017578125 0.319047619047619