2 0.2898662551440329 0.9613363363363363 0.013888888888888888 0.07732732732732733
2 0.28960905349794236 0.7207207207207207 0.013374485596707819 0.10810810810810811
2 0.29038065843621397 0.45683183183183185 0.014917695473251029 0.23048048048048048
2 0.7397119341563786 0.12537537537537538 0.009259259259259259 0.11261261261261261
2 0.7335390946502057 0.9564564564564565 0.013374485596707819 0.08708708708708708
2 0.7698045267489712 0.5011261261261262 0.04063786008230453 0.06231231231231231
2 0.7878086419753086 0.4230480480480481 0.014917695473251029 0.08333333333333333
2 0.7695473251028807 0.3408408408408408 0.03806584362139918 0.06756756756756757
2 0.2908950617283951 0.053678678678678676 0.013888888888888888 0.10735735735735735
2 0.7371399176954733 0.6580330330330331 0.0102880658436214 0.04279279279279279
0 0.23765432098765432 0.12462462462462462 0.08024691358024691 0.24924924924924924
0 0.38245884773662553 0.7522522522522522 0.1712962962962963 0.22522522522522523
0 0.41280864197530864 0.93506006006006 0.23713991769547324 0.12987987987987987
0 0.565843621399177 0.9797297297297297 0.0720164609053498 0.04054054054054054
0 0.6486625514403292 0.90503003003003 0.16666666666666666 0.18993993993993993
0 0.6885288065843621 0.7484984984984985 0.08693415637860083 0.12762762762762764
0 0.6743827160493827 0.6373873873873874 0.1183127572016461 0.1006006006006006
0 0.3829732510288066 0.7492492492492493 0.17644032921810698 0.22522522522522523
0 0.5329218106995884 0.4361861861861862 0.48662551440329216 0.8723723723723724
0 0.6599794238683128 0.121996996996997 0.14300411522633744 0.243993993993994
0 0.5493827160493827 0.1753003003003003 0.1286008230452675 0.1463963963963964
0 0.5342078189300411 0.054804804804804805 0.09825102880658436 0.10960960960960961
1 0.2880658436213992 0.18731231231231232 0.09259259259259259 0.06231231231231231
1 0.4704218106995885 0.15615615615615616 0.03652263374485597 0.052552552552552555
1 0.45601851851851855 0.8307057057057057 0.04372427983539095 0.06681681681681682
1 0.5043724279835391 0.8967717717717718 0.044753086419753084 0.06231231231231231
1 0.6059670781893004 0.8487237237237237 0.059670781893004114 0.07132132132132132
1 0.6671810699588477 0.7680180180180181 0.046296296296296294 0.07507507507507508
1 0.7584876543209876 0.7687687687687688 0.04989711934156379 0.07657657657657657
1 0.6170267489711934 0.13475975975975976 0.058127572016460904 0.06231231231231231
1 0.6772119341563786 0.22447447447447447 0.04063786008230453 0.06606606606606606
1 0.5064300411522634 0.13325825825825827 0.035493827160493825 0.05780780780780781
1 0.6252572016460906 0.6783033033033034 0.032407407407407406 0.06681681681681682
0 0.7867798353909465 0.6467717717717718 0.08487654320987655 0.3310810810810811
0 0.5506687242798354 0.9132882882882883 0.032407407407407406 0.09234234234234234