2 0.1924901185770751 0.40319031903190317 0.0308300395256917 0.36853685368536854
2 0.2956521739130435 0.050605060506050605 0.026877470355731226 0.10121012101210121
0 0.3474308300395257 0.8608360836083608 0.2774703557312253 0.27832783278327833
0 0.39565217391304347 0.43564356435643564 0.37549407114624506 0.5126512651265126
0 0.5118577075098815 0.34763476347634764 0.3897233201581028 0.6952695269526953
0 0.2316205533596838 0.0781078107810781 0.091699604743083 0.1562156215621562
0 0.607509881422925 0.8509350935093509 0.22055335968379447 0.29812981298129815
0 0.649802371541502 0.030803080308030802 0.11383399209486166 0.061606160616061605
1 0.24545454545454545 0.11936193619361936 0.06719367588932806 0.11991199119911991
1 0.39723320158102765 0.7541254125412541 0.07035573122529644 0.12211221122112212
1 0.5565217391304348 0.45324532453245325 0.06482213438735178 0.16721672167216722
1 0.6264822134387352 0.6518151815181518 0.06403162055335969 0.1001100110011001
1 0.724505928853755 0.34213421342134215 0.1715415019762846 0.11441144114411442
1 0.549802371541502 0.12926292629262925 0.07351778656126483 0.1001100110011001
1 0.6276679841897234 0.11661166116611661 0.06324110671936758 0.09460946094609461