2 0.7120830711139081 0.09479865771812081 0.011327879169288861 0.05620805369127517
2 0.71019509125236 0.3921979865771812 0.012586532410320957 0.13590604026845637
2 0.7120830711139081 0.7177013422818792 0.011327879169288861 0.13926174496644295
2 0.2511013215859031 0.986996644295302 0.011327879169288861 0.026006711409395974
2 0.20956576463184393 0.8636744966442953 0.0723725613593455 0.01174496644295302
2 0.1683448709880428 0.8024328859060402 0.01762114537444934 0.10234899328859061
2 0.2517306482064191 0.39052013422818793 0.01195720578980491 0.12919463087248323
2 0.20830711139081184 0.22483221476510068 0.0736312146003776 0.015939597315436243
2 0.16865953429830083 0.16023489932885907 0.0144745122718691 0.10486577181208054
0 0.4386406544996853 0.763003355704698 0.5311516677155443 0.473993288590604
0 0.329137822529893 0.23573825503355705 0.31340465701699183 0.4714765100671141
0 0.6000629326620516 0.3213087248322148 0.20767778477029578 0.29949664429530204
0 0.631843926998112 0.07927852348993289 0.1485210824417873 0.15855704697986578
0 0.48930144745122717 0.08137583892617449 0.11642542479546884 0.16275167785234898
1 0.27816236626809315 0.9299496644295302 0.06985525487728131 0.08389261744966443
1 0.5229704216488358 0.7328020134228188 0.0446821900566394 0.06879194630872483
1 0.684078036500944 0.8808724832214765 0.039647577092511016 0.06963087248322147
1 0.735997482693518 0.8510906040268457 0.06922592825676527 0.08389261744966443
0 0.6765261170547514 0.9416946308724832 0.05223410950283197 0.07550335570469799
1 0.27816236626809315 0.2797818791946309 0.06733794839521712 0.08892617449664429
1 0.40591567023285086 0.1136744966442953 0.06356198867212083 0.07718120805369127
1 0.5314663310258024 0.050335570469798654 0.06293266205160478 0.07466442953020135
1 0.5232850849590938 0.13590604026845637 0.054122089364380115 0.07802013422818792