1 0.7171165996553704 0.18120805369127516 0.014359563469270534 0.11697027804410355
1 0.273406088454911 0.14956855225311602 0.01263641585295807 0.053691275167785234
1 0.2742676622630672 0.3072866730584851 0.013210798391728892 0.12176414189837009
1 0.2759908098793797 0.6251198465963567 0.013210798391728892 0.14956855225311602
1 0.7179781734635267 0.5819750719079578 0.013785180930499713 0.10162991371045062
2 0.2392303273980471 0.7205177372962608 0.05456634118322803 0.25599232981783315
2 0.3678920160827111 0.3159156279961649 0.17633543940264215 0.21380632790028764
2 0.32050545663411834 0.12847555129434324 0.08041355542791499 0.14381591562799617
2 0.4373923032739805 0.12751677852348994 0.14417001723147616 0.14956855225311602
2 0.5402067777139575 0.13087248322147652 0.0511200459506031 0.14669223394055608
2 0.6410109132682367 0.2411313518696069 0.1367030442274555 0.3595397890699904
2 0.5123492245835727 0.31543624161073824 0.1022400919012062 0.20901246404602108
2 0.5913268236645606 0.5743048897411314 0.24411257897759908 0.174496644295302
2 0.6780585870189546 0.7152444870565676 0.06605399195864446 0.08053691275167785
2 0.6809304997128087 0.8092042186001918 0.061458931648477884 0.08437200383509108
2 0.46094198736358416 0.6682646212847555 0.3555427914991384 0.36433365292425696
0 0.27570361860999426 0.7598274209012464 0.10109132682366456 0.08341323106423777
0 0.38139000574382537 0.15675934803451583 0.043653072946582425 0.05465004793863854
0 0.44744399770246984 0.24928092042186 0.043653072946582425 0.05752636625119847
0 0.48104537622056287 0.2296260786193672 0.02929350947731189 0.06615532118887824
0 0.539919586444572 0.2286673058485139 0.032165422171166 0.06615532118887824
0 0.5560022975301551 0.3072866730584851 0.039058012636415854 0.058485139022051776
0 0.6292360712234348 0.7996164908916586 0.037334865020103386 0.053691275167785234
0 0.617461229178633 0.699424736337488 0.039058012636415854 0.08149568552253116
0 0.6645605973578403 0.711888782358581 0.04595060310166571 0.07190795781399809
0 0.7369327972429638 0.7123681687440077 0.051694428489373924 0.07670182166826463