2 0.026404874746106973 0.6969205834683955 0.052809749492213946 0.32847109670448404
2 0.1939742721733243 0.6247974068071313 0.25660121868652674 0.17558076715289034
2 0.33513879485443465 0.6952998379254457 0.5280974949221394 0.3187466234467855
2 0.5582261340555179 0.820097244732577 0.08192281651997292 0.06915180983252296
2 0.6699390656736628 0.8068611561318206 0.11712931618144888 0.09562398703403566
2 0.6658767772511849 0.6450567260940032 0.11171293161814488 0.21393841166936792
2 0.7833446174678402 0.4165316045380875 0.08666215301286391 0.12857914640734738
2 0.8706838185511171 0.250945434900054 0.25863236289776576 0.19502971366828742
2 0.6672308733920108 0.45786061588330634 0.10629654705484089 0.06861156131820638
2 0.6645226811103588 0.3868179362506753 0.11171293161814488 0.05402485143165856
2 0.5609343263371699 0.6061588330632091 0.08733920108327692 0.13830361966504592
2 0.023696682464454975 0.32901134521880065 0.04739336492890995 0.3371150729335494
2 0.3950575490859851 0.33279308481901676 0.6533513879485443 0.3165856293895192
1 0.06330399458361544 0.7952458130740141 0.015572105619498984 0.11237169097784981
1 0.05924170616113744 0.6177741761210157 0.01828029790115098 0.09886547811993517
1 0.06127285037237644 0.43165856293895194 0.014218009478672985 0.10804970286331712
1 0.05924170616113744 0.25823878984332793 0.01828029790115098 0.09940572663425176
1 0.7264725795531483 0.25715829281469477 0.014895057549085985 0.09724473257698542
1 0.7301963439404198 0.46110210696920584 0.014218009478672985 0.02863317125877904
0 0.5781990521327014 0.7612101566720691 0.04468517264725796 0.04430037817396002
0 0.5836154366960055 0.6988114532685035 0.04197698036560596 0.051323608860075635
0 0.6387948544346649 0.7341977309562399 0.05484089370345294 0.04321988114532685
0 0.3060257278266757 0.6888168557536467 0.04468517264725796 0.041058887088060506
0 0.035206499661475966 0.68827660723933 0.06093432633716994 0.039978390059427334
0 0.03588354773188896 0.3300918422474338 0.06228842247799594 0.039978390059427334
0 0.5849695328368314 0.4413830361966505 0.04739336492890995 0.03349540788762831
0 0.6327014218009479 0.38519719070772557 0.04807041299932295 0.04213938411669368
0 0.7522004062288422 0.3857374392220421 0.06635071090047394 0.04321988114532685