2 0.8037383177570093 0.2755190311418685 0.2751817237798546 0.25432525951557095
2 0.3426791277258567 0.3083910034602076 0.6344755970924195 0.31314878892733566
2 0.7871235721703012 0.7231833910034602 0.3229491173416407 0.29498269896193774
2 0.5545171339563862 0.78719723183391 0.1111111111111111 0.14100346020761245
2 0.557632398753894 0.6375432525951558 0.12149532710280374 0.12024221453287197
2 0.48909657320872274 0.5826124567474048 0.9148494288681205 0.5709342560553633
0 0.7492211838006231 0.3719723183391003 0.10176531671858775 0.08910034602076125
0 0.719626168224299 0.6085640138408305 0.10903426791277258 0.09515570934256055
0 0.9740394600207685 0.5220588235294118 0.05192107995846314 0.09602076124567474
0 0.5716510903426791 0.5358996539792388 0.09553478712357218 0.08304498269896193
0 0.5301142263759087 0.4978373702422145 0.1059190031152648 0.09342560553633218
0 0.3125649013499481 0.2521626297577855 0.09657320872274143 0.07785467128027682