2 0.5603517186250999 0.14797687861271677 0.17266187050359713 0.29595375722543354
2 0.3317346123101519 0.8069364161849711 0.2717825739408473 0.3861271676300578
2 0.6139088729016786 0.8947976878612717 0.2765787370103917 0.21040462427745665
2 0.6534772182254197 0.6930635838150289 0.19104716227018384 0.1676300578034682
2 0.47402078337330134 0.39075144508670523 0.5547561950439648 0.7815028901734105
0 0.4412470023980815 0.03641618497109827 0.07194244604316546 0.07283236994219654
0 0.42046362909672264 0.028323699421965318 0.06554756195043965 0.056647398843930635
0 0.5547561950439648 0.3445086705202312 0.0639488409272582 0.11098265895953757
0 0.44204636290967225 0.7196531791907514 0.07194244604316546 0.08901734104046242
0 0.5095923261390888 0.8213872832369942 0.05675459632294165 0.09364161849710982
0 0.6370903277378097 0.5676300578034682 0.06235011990407674 0.10404624277456648