2 0.7179195140470767 0.19884575026232948 0.2422171602126044 0.39769150052465896
2 0.5208807896735004 0.07345225603357818 0.1275626423690205 0.14690451206715635
2 0.5223993925588458 0.26810073452256034 0.1275626423690205 0.22140608604407136
2 0.35269552012148825 0.1888772298006296 0.20273348519362186 0.3777544596012592
2 0.6021260440394837 0.6967471143756558 0.47076689445709946 0.6065057712486883
0 0.4935459377372817 0.4233997901364113 0.060744115413819286 0.09548793284365163
0 0.6381928625664389 0.3620146904512067 0.06909643128321943 0.10912906610703044
0 0.6123766135155657 0.06243441762854145 0.05998481397114654 0.07450157397691501
0 0.43090356871678054 0.06453305351521511 0.05998481397114654 0.06820566631689402
0 0.39977220956719817 0.3373557187827912 0.07668944570994685 0.11647429171038824
0 0.35193621867881547 0.4685204616998951 0.16780561883067577 0.10388247639034627