1 0.9373205741626794 0.3835093896713615 0.03827751196172249 0.15023474178403756
1 0.9349282296650717 0.6285211267605634 0.027751196172248804 0.08744131455399061
2 0.45933014354066987 0.5035211267605634 0.9186602870813397 0.4823943661971831
2 0.16889952153110047 0.36795774647887325 0.33779904306220093 0.1960093896713615
2 0.44641148325358854 0.31690140845070425 0.17033492822966506 0.08744131455399061
2 0.41148325358851673 0.4269366197183099 0.2708133971291866 0.10446009389671361
2 0.12727272727272726 0.6602112676056338 0.2545454545454545 0.15845070422535212
2 0.3277511961722488 0.624706572769953 0.1320574162679426 0.08450704225352113
2 0.3277511961722488 0.7092136150234741 0.13588516746411483 0.06924882629107981
2 0.49760765550239233 0.6616784037558685 0.17511961722488037 0.1643192488262911
0 0.9593301435406698 0.5076291079812206 0.08133971291866028 0.07629107981220658
0 0.47081339712918663 0.5548708920187794 0.09090909090909091 0.062206572769953054
0 0.4028708133971292 0.505868544600939 0.08325358851674641 0.06396713615023474
0 0.3416267942583732 0.5554577464788732 0.09090909090909091 0.06338028169014084
0 0.3985645933014354 0.3914319248826291 0.09569377990430622 0.06631455399061033
0 0.21483253588516746 0.4465962441314554 0.10143540669856459 0.06279342723004695
0 0.21818181818181817 0.6992370892018779 0.09090909090909091 0.04812206572769953
0 0.1861244019138756 0.6050469483568075 0.09186602870813397 0.061619718309859156