1 0.654292343387471 0.9846938775510204 0.13843774168600154 0.022675736961451247
1 0.37587006960556846 0.9829931972789115 0.11678267594740913 0.02834467120181406
2 0.6322505800464037 0.10714285714285714 0.25444702242846096 0.21428571428571427
2 0.6863882443928848 0.3299319727891156 0.15467904098994587 0.20068027210884354
2 0.3894044856921887 0.7114512471655329 0.21191028615622584 0.5238095238095238
2 0.6337973704563031 0.5997732426303855 0.2614075792730085 0.7403628117913832
0 0.57153905645785 0.18537414965986396 0.05645784996133024 0.09523809523809523
0 0.5804331013147719 0.34750566893424034 0.060324825986078884 0.08616780045351474
0 0.5247486465583914 0.37755102040816324 0.06805877803557618 0.0782312925170068
0 0.5529775715390565 0.9829931972789115 0.05723124516627997 0.034013605442176874
0 0.47215777262180975 0.5663265306122449 0.06651198762567673 0.08390022675736962