1 0.345707656612529 0.015306122448979591 0.13843774168600154 0.022675736961451247
1 0.6241299303944315 0.017006802721088437 0.11678267594740913 0.02834467120181406
2 0.36697602474864655 0.8922902494331065 0.25444702242846096 0.21541950113378686
2 0.31361175560711524 0.6700680272108843 0.15467904098994587 0.20068027210884354
2 0.6105955143078113 0.2885487528344671 0.21191028615622584 0.5238095238095238
2 0.3662026295436968 0.4002267573696145 0.2614075792730085 0.7403628117913832
0 0.42846094354215003 0.814625850340136 0.05645784996133024 0.09523809523809523
0 0.4195668986852282 0.6524943310657596 0.060324825986078884 0.08616780045351474
0 0.4752513534416087 0.6224489795918368 0.06805877803557618 0.0782312925170068
0 0.4462490332559938 0.016439909297052153 0.05723124516627997 0.032879818594104306
0 0.5278422273781903 0.4336734693877551 0.06651198762567673 0.08390022675736962