1 0.21456848772763262 0.6859531772575251 0.022169437846397466 0.1157190635451505
1 0.21298495645288995 0.39832775919732444 0.019002375296912115 0.07558528428093646
1 0.21021377672209027 0.25050167224080266 0.026128266033254157 0.06220735785953177
1 0.8978622327790974 0.5468227424749164 0.019002375296912115 0.02073578595317726
1 0.897070467141726 0.6598662207357859 0.026920031670625493 0.10367892976588629
2 0.11955661124307206 0.6280936454849498 0.16468725257323832 0.29966555183946486
2 0.36342042755344417 0.4150501672240803 0.2755344418052256 0.23076923076923078
2 0.29334916864608074 0.24381270903010033 0.1417260490894695 0.10234113712374582
2 0.4825811559778306 0.26421404682274247 0.222486144101346 0.14983277591973243
2 0.8068091844813935 0.4963210702341137 0.1583531274742676 0.13779264214046824
2 0.5589865399841647 0.5591973244147157 0.6666666666666666 0.43745819397993313
0 0.18250197941409343 0.5829431438127091 0.08155186064924783 0.05418060200668896
0 0.3974663499604117 0.21638795986622072 0.06334125098970704 0.04882943143812709
0 0.4829770387965162 0.3739130434782609 0.0665083135391924 0.048160535117056855
0 0.555027711797308 0.3648829431438127 0.060174188440221696 0.05284280936454849
0 0.7505938242280285 0.5331103678929766 0.06967537608867776 0.049498327759197325
0 0.9299287410926366 0.49765886287625416 0.08788598574821853 0.05752508361204013