2 0.25079617834394907 0.24400369003690037 0.24203821656050956 0.46955719557195574
1 0.25119426751592355 0.008302583025830259 0.12340764331210191 0.016605166051660517
1 0.4984076433121019 0.005535055350553505 0.1178343949044586 0.01107011070110701
1 0.7273089171974523 0.005996309963099631 0.12181528662420382 0.011992619926199263
1 0.49960191082802546 0.8514760147601476 0.20780254777070065 0.03136531365313653
2 0.535031847133758 0.9285055350553506 0.321656050955414 0.1429889298892989
2 0.6046974522292994 0.42204797047970477 0.4498407643312102 0.8422509225092251
2 0.7277070063694268 0.09870848708487084 0.2070063694267516 0.19557195571955718
2 0.6667993630573248 0.2753690036900369 0.07722929936305732 0.13560885608856088
0 0.3471337579617834 0.31503690036900367 0.06369426751592357 0.06734317343173432
0 0.6329617834394905 0.8519372693726938 0.06369426751592357 0.1503690036900369
0 0.8407643312101911 0.44003690036900367 0.13694267515923567 0.06826568265682657
0 0.7304936305732485 0.27629151291512916 0.05652866242038217 0.052583025830258305
0 0.7488057324840764 0.18035055350553506 0.046974522292993634 0.058118081180811805