1 0.2959974176888315 0.6020671834625323 0.02775984506132989 0.1326442721791559
1 0.29438347320852165 0.34926787252368646 0.024531956100710135 0.08010335917312661
1 0.3405422853453841 0.7691645133505599 0.051000645577792124 0.020671834625323
2 0.2185280826339574 0.37467700258397935 0.13234344738540993 0.25150732127476316
2 0.5313105229180116 0.3079242032730405 0.15235635894125243 0.13178294573643412
2 0.6555842479018722 0.3079242032730405 0.08327953518398967 0.13522825150732126
2 0.5054874112330536 0.5017226528854436 0.3976759199483538 0.5107665805340224
0 0.2672692059393157 0.446167097329888 0.07230471271788251 0.07751937984496124
0 0.5848934796642995 0.41300602928509905 0.06197546804389929 0.0818260120585702
0 0.5936087798579729 0.34453057708871665 0.05358295674628793 0.06373815676141258
0 0.7123950936087798 0.43669250645994834 0.13621691413815365 0.082687338501292