2 0.4206099351147842 0.7324797843665769 0.09323992437939493 0.0714285714285714
2 0.4216402105222913 0.8436657681940701 0.10663350467698754 0.13117699910152747
2 0.5148801349016862 0.8420934411500449 0.08705827193435219 0.13072776280323462
2 0.7286622819594148 0.27672955974842767 0.29723445506580587 0.0889487870619946
2 0.8020694047442976 0.4474393530997305 0.1349660783834334 0.22012578616352196
2 0.8059329375224492 0.6650943396226415 0.1375417669022012 0.19541778975741253
1 0.6802393378065799 0.7688679245283019 0.08499772111933777 0.01572327044025168
1 0.7765700884084962 0.7688679245283019 0.08808854734185934 0.01572327044025168
1 0.7801760523347712 0.33198562443845464 0.08293717030432374 0.017070979335130243
1 0.6305285493943611 0.328167115902965 0.097876163713177 0.01572327044025157
1 0.4553817301181497 0.25 0.12260277349334796 0.01572327044025157
2 0.4355489285236375 0.4869721473495059 0.12517846201211574 0.04492362982929027
2 0.4182918154478932 0.5422282120395329 0.08860368504561285 0.05031446540880502
2 0.42086750396666095 0.6340970350404314 0.09066423586062713 0.1055705300988321
2 0.5267283020880181 0.7491015274034143 0.09942157682443767 0.04716981132075482
2 0.662467087027082 0.6886792452830189 0.1473293832735189 0.1527403414195867
2 0.5275010086436485 0.6830637915543576 0.12054222267833367 0.05884995507637014
2 0.5506822053125588 0.4505840071877808 0.35338446477494423 0.39173405211141055
2 0.6233166215418112 0.15902964959568733 0.5079257759010132 0.17879604672057503
0 0.7490102212576806 0.539308176100629 0.04533211793031357 0.03189577717879599
0 0.7474648081464198 0.5876010781671159 0.04533211793031357 0.02785265049415986
0 0.4901535251215152 0.8308625336927224 0.04069587859653148 0.03279424977538192
0 0.5305918348661699 0.734501347708895 0.04327156711529928 0.04402515723270439
0 0.5311069725699235 0.6731805929919138 0.03915046548527083 0.04088050314465419
0 0.4453365448949552 0.6790206648697215 0.024211472076417436 0.029200359389038644
0 0.4826840284170885 0.6287061994609164 0.040180740892777844 0.030997304582210283
0 0.47779022023142964 0.5361635220125787 0.02833257370644601 0.025606469002695365
0 0.6637549312864659 0.596136567834681 0.03451422615148862 0.034141958670260486
0 0.631816393653745 0.5345911949685535 0.04378670481905279 0.041329739442947044
0 0.5146225660498095 0.4975292003593891 0.030908262225213808 0.025606469002695365
0 0.5918932216128439 0.298292902066487 0.047392668745327854 0.03324348607367478