2 0.7665173572228443 0.5693359375 0.08174692049272117 0.08154296875
2 0.8941769316909295 0.568359375 0.1506159014557671 0.0927734375
2 0.8922172452407615 0.487060546875 0.15005599104143338 0.07568359375
2 0.24384098544232924 0.300537109375 0.1019036954087346 0.25927734375
2 0.4398096304591265 0.236572265625 0.2525195968645017 0.11767578125
2 0.6892497200447928 0.233154296875 0.22396416573348266 0.1201171875
1 0.8082306830907054 0.3427734375 0.01791713325867861 0.07421875
1 0.8082306830907054 0.2587890625 0.01791713325867861 0.07666015625
1 0.30739081746920494 0.255615234375 0.01959686450167973 0.072265625
1 0.30291153415453526 0.38623046875 0.01791713325867861 0.08544921875
1 0.21332586786114222 0.538818359375 0.01791713325867861 0.10693359375
2 0.4851623740201568 0.55615234375 0.051511758118701005 0.109375
2 0.5484322508398656 0.5712890625 0.05767077267637178 0.0771484375
2 0.6536954087346024 0.569091796875 0.12094064949608063 0.0791015625
2 0.7855543113101904 0.476806640625 0.05431131019036954 0.0869140625
2 0.7164053751399776 0.3583984375 0.17525195968645016 0.12841796875
2 0.70996640537514 0.47607421875 0.0677491601343785 0.10498046875
2 0.44344904815229563 0.455810546875 0.4490481522956327 0.30810546875
2 0.10890257558790593 0.392578125 0.20492721164613661 0.44287109375
0 0.5450727883538634 0.282958984375 0.036394176931690926 0.03955078125
0 0.6005039193729004 0.2841796875 0.031914893617021274 0.03955078125
0 0.8793393057110862 0.508544921875 0.037513997760358346 0.03564453125
0 0.7690369540873461 0.473388671875 0.05039193729003359 0.03759765625
0 0.698488241881299 0.472900390625 0.04703247480403135 0.0341796875
0 0.7052071668533034 0.547607421875 0.0335946248600224 0.02099609375
0 0.6475363941769317 0.51513671875 0.03527435610302351 0.03515625
0 0.5414333706606943 0.519287109375 0.029115341545352745 0.02490234375
0 0.6103023516237402 0.357177734375 0.03919372900335946 0.0302734375
0 0.5397536394176932 0.385009765625 0.04759238521836506 0.0380859375
0 0.49720044792833146 0.4873046875 0.029115341545352745 0.02685546875
0 0.2687569988801792 0.419921875 0.03807390817469205 0.04150390625