2 0.23348264277715566 0.4306640625 0.08174692049272117 0.08154296875
2 0.10582306830907055 0.431640625 0.1506159014557671 0.0927734375
2 0.10778275475923853 0.512939453125 0.15005599104143338 0.07568359375
2 0.7561590145576708 0.699462890625 0.1019036954087346 0.25927734375
2 0.5601903695408734 0.763427734375 0.2525195968645017 0.11767578125
2 0.31075027995520715 0.766845703125 0.22396416573348266 0.1201171875
1 0.19176931690929452 0.6572265625 0.01791713325867861 0.07421875
1 0.19176931690929452 0.7412109375 0.01791713325867861 0.07666015625
1 0.6926091825307951 0.744384765625 0.01959686450167973 0.072265625
1 0.6970884658454647 0.61376953125 0.01791713325867861 0.08544921875
1 0.7866741321388577 0.461181640625 0.01791713325867861 0.10693359375
2 0.5148376259798432 0.44384765625 0.051511758118701005 0.109375
2 0.45156774916013437 0.4287109375 0.05767077267637178 0.0771484375
2 0.34630459126539753 0.430908203125 0.12094064949608063 0.0791015625
2 0.21444568868980962 0.523193359375 0.05431131019036954 0.0869140625
2 0.2835946248600224 0.6416015625 0.17525195968645016 0.12841796875
2 0.29003359462486 0.52392578125 0.0677491601343785 0.10498046875
2 0.5565509518477044 0.544189453125 0.4490481522956327 0.30810546875
2 0.891097424412094 0.607421875 0.20492721164613661 0.44287109375
0 0.45492721164613664 0.717041015625 0.036394176931690926 0.03955078125
0 0.3994960806270997 0.7158203125 0.031914893617021274 0.03955078125
0 0.12066069428891378 0.491455078125 0.037513997760358346 0.03564453125
0 0.23096304591265399 0.526611328125 0.05039193729003359 0.03759765625
0 0.301511758118701 0.527099609375 0.04703247480403135 0.0341796875
0 0.2947928331466965 0.452392578125 0.0335946248600224 0.02099609375
0 0.3524636058230683 0.48486328125 0.03527435610302351 0.03515625
0 0.4585666293393057 0.480712890625 0.029115341545352745 0.02490234375
0 0.3896976483762598 0.642822265625 0.03919372900335946 0.0302734375
0 0.46024636058230683 0.614990234375 0.04759238521836506 0.0380859375
0 0.5027995520716685 0.5126953125 0.029115341545352745 0.02685546875
0 0.7312430011198209 0.580078125 0.03807390817469205 0.04150390625