1 0.7045572242361471 0.09739633558341369 0.013982392542723977 0.16586306653809066
1 0.7037804246504402 0.36933461909353904 0.015535991714137753 0.19479267116682739
1 0.7014500258933195 0.8847637415621986 0.01294665976178146 0.2073288331726133
1 0.38684619368203005 0.06075216972034716 0.013464526152252718 0.12150433944069432
1 0.384774728120145 0.37849566055930567 0.013464526152252718 0.15718418514946964
2 0.32755049197307096 0.027483124397299902 0.10616261004660797 0.054966248794599805
2 0.4653029518384257 0.35872709739633557 0.14655618850336613 0.29508196721311475
1 0.47410668047643706 0.5207328833172613 0.056447436561367165 0.03664416586306654
1 0.5613671672708441 0.523625843780135 0.013464526152252718 0.03471552555448409
2 0.6185914034179182 0.36065573770491804 0.15587778353184878 0.2892960462873674
2 0.6219575349559814 0.10318225650916105 0.15846711548420508 0.19672131147540983
2 0.4627136198860694 0.1562198649951784 0.14655618850336613 0.3124397299903568
2 0.32107716209218023 0.7377049180327869 0.11185914034179181 0.2391513982642237
2 0.42128430864836874 0.7266152362584378 0.06680476437079233 0.2073288331726133
2 0.4974106680476437 0.7251687560270009 0.07509062661833248 0.21215043394406943
2 0.6584671154842051 0.6918997107039537 0.07509062661833248 0.15332690453230471
2 0.5429829104091144 0.8076181292189006 0.30709476954945625 0.38476374156219867
0 0.31330916623511135 0.9035679845708775 0.044536509580528225 0.10414657666345227
0 0.4766960124287934 0.7169720347155255 0.04298291040911445 0.0781099324975892
0 0.5554117037804247 0.7169720347155255 0.046090108751942 0.0781099324975892
0 0.6439668565510098 0.7208293153326905 0.053340238218539615 0.085824493731919
0 0.7224236147074055 0.718900675024108 0.05489383738995339 0.08196721311475409
0 0.5124287933713102 0.3490838958534233 0.04194717762817193 0.09257473481195758
0 0.5582599689280165 0.25216972034715524 0.04350077679958571 0.08003857280617165
0 0.5598135680994304 0.044358727097396335 0.04971517348524081 0.08293153326904533