2 0.4861904761904762 0.3973941368078176 0.3942857142857143 0.3446254071661238
0 0.7523809523809524 0.5358306188925082 0.11904761904761904 0.06644951140065146
0 0.6952380952380952 0.42052117263843647 0.1761904761904762 0.05993485342019544
2 0.9414285714285714 0.6315960912052118 0.11714285714285715 0.10879478827361563
1 0.6971428571428572 0.7351791530944626 0.029523809523809525 0.09511400651465798
1 0.7014285714285714 0.3267100977198697 0.02666666666666667 0.11205211726384365
2 0.13952380952380952 0.4192182410423453 0.27904761904761904 0.39543973941368077
2 0.06285714285714286 0.5625407166123778 0.12571428571428572 0.21042345276872965
2 0.13714285714285715 0.6970684039087948 0.2742857142857143 0.15504885993485343
2 0.48095238095238096 0.6807817589576547 0.39714285714285713 0.20521172638436483
0 0.3923809523809524 0.6013029315960912 0.08285714285714285 0.06058631921824104
0 0.17714285714285713 0.5224755700325733 0.09238095238095238 0.05667752442996743
0 0.18476190476190477 0.45407166123778503 0.08285714285714285 0.06319218241042346
0 0.17809523809523808 0.5905537459283388 0.06571428571428571 0.053420195439739415
0 0.03761904761904762 0.6986970684039088 0.06857142857142857 0.04820846905537459
0 0.57 0.5433224755700325 0.08761904761904762 0.057980456026058634
0 0.939047619047619 0.545928338762215 0.07714285714285714 0.06319218241042346