2 0.20153061224489796 0.34678111587982835 0.4030612244897959 0.2575107296137339
2 0.4903061224489796 0.6506437768240343 0.9806122448979592 0.33304721030042916
2 0.5561224489795918 0.7042918454935623 0.286734693877551 0.22145922746781116
2 0.8443877551020408 0.7047210300429184 0.2714285714285714 0.21716738197424892
2 0.058163265306122446 0.1575107296137339 0.11632653061224489 0.0815450643776824
1 0.22653061224489796 0.20643776824034335 0.1683673469387755 0.020600858369098713
1 0.12551020408163266 0.8278969957081546 0.11938775510204082 0.0240343347639485
1 0.5739795918367347 0.8283261802575107 0.12653061224489795 0.02145922746781116
1 0.8663265306122448 0.828755364806867 0.12142857142857143 0.02575107296137339
0 0.8862244897959184 0.5583690987124463 0.07346938775510205 0.0703862660944206
0 0.6 0.5575107296137339 0.08061224489795918 0.07725321888412018
0 0.17959183673469387 0.5253218884120172 0.09081632653061225 0.0592274678111588
0 0.2729591836734694 0.448068669527897 0.1510204081632653 0.08669527896995709
0 0.0413265306122449 0.17982832618025751 0.07551020408163266 0.08240343347639485