1 0.066650390625 0.09411764705882353 0.0380859375 0.021568627450980392
1 0.115478515625 0.09313725490196079 0.03955078125 0.024509803921568627
1 0.166015625 0.09411764705882353 0.03515625 0.020588235294117647
1 0.210205078125 0.09509803921568627 0.03564453125 0.026470588235294117
1 0.03759765625 0.4485294117647059 0.0107421875 0.07647058823529412
1 0.2353515625 0.3985294117647059 0.01123046875 0.08627450980392157
1 0.28076171875 0.453921568627451 0.04931640625 0.030392156862745098
1 0.481201171875 0.5338235294117647 0.00830078125 0.14313725490196078
1 0.33056640625 0.4534313725490196 0.01904296875 0.021568627450980392
1 0.35986328125 0.45294117647058824 0.02880859375 0.022549019607843137
1 0.0380859375 0.6181372549019608 0.0107421875 0.03137254901960784
1 0.037353515625 0.7421568627450981 0.0107421875 0.09803921568627451
1 0.51318359375 0.7289215686274509 0.0107421875 0.10490196078431373
1 0.730712890625 0.7887254901960784 0.0087890625 0.023529411764705882
1 0.74609375 0.7872549019607843 0.0068359375 0.0196078431372549
1 0.79833984375 0.7867647058823529 0.02099609375 0.01764705882352941
1 0.8271484375 0.7872549019607843 0.0224609375 0.023529411764705882
1 0.51318359375 0.5544117647058824 0.0107421875 0.08235294117647059
1 0.5126953125 0.3735294117647059 0.0126953125 0.10882352941176471
1 0.53759765625 0.09411764705882353 0.0380859375 0.025490196078431372
1 0.581787109375 0.0965686274509804 0.0380859375 0.022549019607843137
1 0.6767578125 0.09313725490196079 0.078125 0.024509803921568627
1 0.716552734375 0.34901960784313724 0.0126953125 0.08235294117647059
1 0.75341796875 0.46078431372549017 0.04833984375 0.024509803921568627
1 0.814453125 0.4598039215686274 0.04296875 0.0196078431372549
2 0.784912109375 0.3764705882352941 0.12841796875 0.14901960784313725
0 0.60595703125 0.6421568627450981 0.02880859375 0.05
0 0.640869140625 0.6372549019607843 0.0244140625 0.054901960784313725
0 0.703125 0.5818627450980393 0.025390625 0.052941176470588235
0 0.616943359375 0.07205882352941176 0.0234375 0.060784313725490195
0 0.8212890625 0.6421568627450981 0.03076171875 0.050980392156862744
0 0.79638671875 0.7068627450980393 0.021484375 0.05
0 0.6689453125 0.8127450980392157 0.0283203125 0.059803921568627454
0 0.337890625 0.6470588235294118 0.025390625 0.052941176470588235
0 0.275634765625 0.6421568627450981 0.0244140625 0.05392156862745098
0 0.2001953125 0.4308823529411765 0.02685546875 0.05784313725490196
0 0.249267578125 0.32450980392156864 0.02978515625 0.04019607843137255
0 0.114501953125 0.38480392156862747 0.025390625 0.05588235294117647
2 0.13623046875 0.25441176470588234 0.1904296875 0.296078431372549
2 0.348388671875 0.7328431372549019 0.06884765625 0.09607843137254903
2 0.345703125 0.5392156862745098 0.06982421875 0.1568627450980392
2 0.271728515625 0.5397058823529411 0.07470703125 0.153921568627451
2 0.06982421875 0.5313725490196078 0.05859375 0.24019607843137256
2 0.212646484375 0.6328431372549019 0.337890625 0.44019607843137254
2 0.25244140625 0.7024509803921568 0.033203125 0.04215686274509804
2 0.433349609375 0.5691176470588235 0.0888671875 0.34019607843137256
2 0.9130859375 0.6102941176470589 0.11474609375 0.4745098039215686
2 0.800537109375 0.7514705882352941 0.029296875 0.045098039215686274
2 0.785888671875 0.621078431372549 0.1396484375 0.307843137254902
2 0.61376953125 0.4392156862745098 0.1943359375 0.6735294117647059
2 0.564453125 0.5490196078431373 0.095703125 0.16372549019607843
2 0.557861328125 0.7377450980392157 0.0869140625 0.20098039215686275
2 0.6533203125 0.8220588235294117 0.08984375 0.06274509803921569