1 0.06657088122605365 0.0942378483960634 0.03799489144316731 0.021796509152831
1 0.11558109833971904 0.09295570079883807 0.03959131545338443 0.02436080434728169
1 0.16602809706257984 0.0942378483960634 0.03512132822477648 0.020514361555605654
1 0.2102490421455939 0.0948789221946761 0.035440613026819945 0.026925099541732406
1 0.037675606641123884 0.44843112212956704 0.010855683269476377 0.07628778203490848
1 0.2354725415070243 0.39842736583777827 0.011174968071519797 0.08654496281271123
1 0.2806513409961686 0.45388024941777483 0.04916985951468711 0.030771542333408494
1 0.4811621966794381 0.5340144742443594 0.008301404853129024 0.1436005308892395
1 0.33045977011494254 0.4532391756191621 0.019157088122605415 0.021796509152831028
1 0.3598339719029374 0.45291863871985577 0.028735632183908066 0.02243758295144367
1 0.037994891443167304 0.6183156787619263 0.010855683269476377 0.03141261613202125
1 0.03735632183908046 0.7420429218941729 0.010855683269476377 0.0980842911877394
1 0.5130906768837804 0.7289009090226128 0.01085568326947639 0.10513610297247883
1 0.730683269476373 0.7885207722935919 0.008620689655172376 0.023078656750056315
1 0.7460089399744573 0.7872386246963664 0.006704980842911823 0.019232213958380227
1 0.7983716475095786 0.7865975508977538 0.020753512132822394 0.017950066361154936
1 0.8271072796934866 0.7872386246963664 0.022669220945082946 0.023078656750056315
1 0.513250319284802 0.5542082989006586 0.010536398467432928 0.08269852002103527
1 0.5127713920817369 0.37342548769188394 0.012771392081736943 0.10834147196554227
1 0.5375159642401022 0.09391731149675707 0.03799489144316737 0.02500187814589436
1 0.581896551724138 0.09648160669120777 0.03799489144316737 0.02243758295144367
1 0.6767241379310345 0.09295570079883807 0.07822477650063853 0.02436080434728169
1 0.7164750957854407 0.3490646833446023 0.012771392081736943 0.08269852002103527
1 0.753352490421456 0.46093206120251423 0.04821200510855683 0.024360804347281717
1 0.8143358876117497 0.4596499136052889 0.0431034482758621 0.01923221395838034
2 0.7848020434227331 0.3766308566849473 0.1283524904214559 0.14937019507675364
0 0.6060025542784164 0.6423559462099017 0.028735632183908066 0.05000375629178872
0 0.6408045977011495 0.6372273558210002 0.024265644955300036 0.0551323466806901
0 0.7032247765006386 0.5820950091403101 0.025223499361430424 0.052568051486239525
0 0.6168582375478927 0.07212080234392608 0.023627075351213334 0.06090201086820424
0 0.8212005108556834 0.6420354093105953 0.03065134099616862 0.05064483009040148
0 0.7962962962962964 0.707104399869782 0.02171136653895278 0.05000375629178872
0 0.6690613026819924 0.8125610397415672 0.028416347381864604 0.05961986327097895
0 0.3378033205619413 0.6468434628001903 0.025542784163473775 0.052568051486239525
0 0.27554278416347383 0.6423559462099017 0.024265644955300147 0.05385019908346481
0 0.20019157088122608 0.43080159266771845 0.026819923371647514 0.057696641875140904
0 0.24936143039591316 0.32470387899732056 0.03001277139208175 0.04038764931259861
0 0.11446360153256706 0.3849648160669121 0.025223499361430396 0.05577342047930286
2 0.1361749680715198 0.25450629804923247 0.19061302681992337 0.29617609495905645
2 0.34849936143039595 0.732747351814289 0.06864623243933587 0.09616106979190135
2 0.34578544061302685 0.5391430646332608 0.06960408684546615 0.15642200686149305
2 0.2717113665389528 0.5397841384318735 0.07471264367816091 0.15385771166704226
2 0.06992337164750959 0.5311296421506023 0.05874840357598979 0.2404026744797536
2 0.21264367816091956 0.6330603761300178 0.3378033205619413 0.4404176996469086
2 0.2525542784163474 0.7026168832794932 0.033205619412515985 0.042310870708436546
2 0.4332694763729247 0.5689529962687503 0.08876117496807157 0.34041018706333104
2 0.9131545338441891 0.6103022562792677 0.11494252873563227 0.47439461097338037
2 0.8004469987228608 0.7513384919740566 0.02937420178799499 0.04487516590288734
2 0.7859195402298851 0.6212005108556833 0.13952745849297576 0.3077154233340847
2 0.6138250319284803 0.43913555204968324 0.19444444444444442 0.6731274885433101
2 0.5644955300127714 0.5490797085117572 0.09578544061302674 0.16347381864623248
2 0.5577905491698596 0.7375554053038841 0.0868454661558109 0.20065609896576764
2 0.6534163473818647 0.821856609821451 0.08971902937420184 0.06282523226404228