1 0.47705078125 0.9401960784313725 0.01513671875 0.09901960784313725
1 0.516845703125 0.5377450980392157 0.0712890625 0.016666666666666666
1 0.476806640625 0.8401960784313726 0.0107421875 0.03823529411764706
1 0.4765625 0.7813725490196078 0.01123046875 0.05784313725490196
1 0.614013671875 0.47352941176470587 0.05224609375 0.021568627450980392
1 0.643798828125 0.03676470588235294 0.01171875 0.01764705882352941
1 0.64306640625 0.006372549019607843 0.009765625 0.012745098039215686
1 0.527099609375 0.47352941176470587 0.041015625 0.021568627450980392
1 0.43701171875 0.4745098039215686 0.05419921875 0.025490196078431372
1 0.2978515625 0.4245098039215686 0.0126953125 0.07647058823529412
1 0.299072265625 0.33578431372549017 0.01123046875 0.07647058823529412
1 0.29736328125 0.1450980392156863 0.01220703125 0.1568627450980392
1 0.4248046875 0.06519607843137255 0.041015625 0.025490196078431372
1 0.480224609375 0.0196078431372549 0.01220703125 0.0392156862745098
2 0.4384765625 0.028431372549019607 0.07421875 0.056862745098039215
0 0.57080078125 0.2872549019607843 0.02490234375 0.05784313725490196
0 0.568359375 0.21715686274509804 0.02734375 0.049019607843137254
0 0.540771484375 0.09215686274509804 0.0263671875 0.050980392156862744
0 0.286865234375 0.26519607843137255 0.0302734375 0.047058823529411764
0 0.65576171875 0.1607843137254902 0.02978515625 0.056862745098039215
0 0.5732421875 0.8254901960784313 0.0263671875 0.050980392156862744
0 0.57080078125 0.9504901960784313 0.02685546875 0.049019607843137254
0 0.412353515625 0.986764705882353 0.02001953125 0.026470588235294117
2 0.615966796875 0.8044117647058824 0.0478515625 0.13823529411764707
2 0.51953125 0.8098039215686275 0.078125 0.14019607843137255
2 0.519775390625 0.9416666666666667 0.07666015625 0.11666666666666667
2 0.566162109375 0.8686274509803922 0.21923828125 0.2627450980392157
2 0.600830078125 0.9818627450980392 0.02099609375 0.03627450980392157
2 0.534423828125 0.6338235294117647 0.16943359375 0.1784313725490196
2 0.56005859375 0.03284313725490196 0.1533203125 0.06568627450980392
2 0.4697265625 0.27156862745098037 0.33544921875 0.39019607843137255
2 0.5244140625 0.37058823529411766 0.08154296875 0.19215686274509805
2 0.618408203125 0.38382352941176473 0.10009765625 0.17450980392156862
2 0.660400390625 0.19215686274509805 0.03125 0.1803921568627451