2 0.7464135021097047 0.2520903010033445 0.3139240506329114 0.39297658862876256
2 0.4518987341772152 0.2654682274247492 0.26329113924050634 0.3795986622073579
2 0.1729957805907173 0.2157190635451505 0.2843881856540084 0.28846153846153844
2 0.1670886075949367 0.451505016722408 0.2911392405063291 0.17307692307692307
2 0.11729957805907174 0.6287625418060201 0.1848101265822785 0.18645484949832775
2 0.6270042194092827 0.8018394648829431 0.3012658227848101 0.3202341137123746
2 0.8556962025316456 0.7721571906354515 0.14261603375527426 0.28929765886287623
2 0.5607594936708861 0.5869565217391305 0.7156118143459915 0.25501672240802675
1 0.20675105485232068 0.7081939799331104 0.043037974683544304 0.04096989966555184
1 0.2839662447257384 0.6797658862876255 0.035443037974683546 0.04431438127090301
1 0.35358649789029534 0.6889632107023411 0.046413502109704644 0.04431438127090301
1 0.18016877637130801 0.06312709030100334 0.1350210970464135 0.033444816053511704
1 0.4375527426160338 0.06061872909698997 0.140084388185654 0.046822742474916385
1 0.6670886075949367 0.0451505016722408 0.06919831223628692 0.07441471571906355
1 0.7472573839662447 0.028846153846153848 0.09451476793248945 0.048494983277591976
1 0.8168776371308016 0.04807692307692308 0.06329113924050633 0.06020066889632107
1 0.6713080168776371 0.9410535117056856 0.09282700421940929 0.04013377926421405
1 0.8333333333333334 0.9364548494983278 0.05063291139240506 0.039297658862876256
0 0.5320675105485232 0.9000836120401338 0.13670886075949368 0.14046822742474915
0 0.740084388185654 0.8758361204013378 0.05147679324894515 0.07190635451505016
0 0.8983122362869198 0.8988294314381271 0.04725738396624472 0.04431438127090301
0 0.5168776371308017 0.7408026755852842 0.04388185654008439 0.047658862876254184
0 0.47552742616033755 0.6613712374581939 0.09789029535864979 0.06270903010033445
0 0.29578059071729956 0.20317725752508362 0.07257383966244725 0.09113712374581939
0 0.5683544303797469 0.30434782608695654 0.05738396624472574 0.09782608695652174
0 0.7468354430379747 0.4360367892976589 0.0919831223628692 0.07525083612040134
0 0.8244725738396624 0.5978260869565217 0.06835443037974684 0.08612040133779264
0 0.9257383966244725 0.5760869565217391 0.14852320675105485 0.06020066889632107
0 0.23755274261603376 0.5660535117056856 0.05063291139240506 0.047658862876254184
0 0.2810126582278481 0.5836120401337793 0.05147679324894515 0.06270903010033445