2 0.25358649789029536 0.7479096989966555 0.3139240506329114 0.39297658862876256
2 0.5481012658227848 0.7345317725752508 0.26329113924050634 0.3795986622073579
2 0.8270042194092827 0.7842809364548495 0.2843881856540084 0.28846153846153844
2 0.8329113924050633 0.5484949832775919 0.2911392405063291 0.17307692307692307
2 0.8827004219409282 0.3712374581939799 0.1848101265822785 0.18645484949832775
2 0.3729957805907173 0.19816053511705686 0.3012658227848101 0.3202341137123746
2 0.14430379746835442 0.22784280936454848 0.14261603375527426 0.28929765886287623
2 0.43924050632911393 0.41304347826086957 0.7156118143459915 0.25501672240802675
1 0.7932489451476793 0.29180602006688966 0.043037974683544304 0.04096989966555184
1 0.7160337552742616 0.3202341137123746 0.035443037974683546 0.04431438127090301
1 0.6464135021097046 0.3110367892976589 0.046413502109704644 0.04431438127090301
1 0.819831223628692 0.9368729096989966 0.1350210970464135 0.033444816053511704
1 0.5624472573839663 0.93938127090301 0.140084388185654 0.046822742474916385
1 0.3329113924050633 0.9548494983277592 0.06919831223628692 0.07441471571906355
1 0.25274261603375525 0.9711538461538461 0.09451476793248945 0.048494983277591976
1 0.1831223628691983 0.9519230769230769 0.06329113924050633 0.06020066889632107
1 0.32869198312236286 0.058946488294314384 0.09282700421940929 0.04013377926421405
1 0.16666666666666666 0.06354515050167224 0.05063291139240506 0.039297658862876256
0 0.4679324894514768 0.09991638795986622 0.13670886075949368 0.14046822742474915
0 0.25991561181434597 0.12416387959866221 0.05147679324894515 0.07190635451505016
0 0.10168776371308016 0.10117056856187291 0.04725738396624472 0.04431438127090301
0 0.4831223628691983 0.2591973244147157 0.04388185654008439 0.047658862876254184
0 0.5244725738396624 0.338628762541806 0.09789029535864979 0.06270903010033445
0 0.7042194092827004 0.7968227424749164 0.07257383966244725 0.09113712374581939
0 0.4316455696202532 0.6956521739130435 0.05738396624472574 0.09782608695652174
0 0.25316455696202533 0.5639632107023411 0.0919831223628692 0.07525083612040134
0 0.17552742616033756 0.40217391304347827 0.06835443037974684 0.08612040133779264
0 0.07383966244725738 0.4230769230769231 0.14767932489451477 0.06020066889632107
0 0.7624472573839662 0.43394648829431437 0.05063291139240506 0.047658862876254184
0 0.7189873417721518 0.41638795986622074 0.05147679324894515 0.06270903010033445