1 0.5951526032315978 0.8810126582278481 0.11669658886894076 0.02362869198312236
2 0.37283064033512864 0.9451476793248945 0.22860562537402754 0.10970464135021098
1 0.3623578695391981 0.8784810126582279 0.12268102932375823 0.0270042194092827
2 0.4805505685218432 0.6383966244725738 0.4500299222022741 0.4582278481012658
2 0.5574506283662477 0.39957805907172994 0.30580490724117293 0.3434599156118143
2 0.6038300418910831 0.1308016877637131 0.20586475164572113 0.2616033755274262
2 0.37881508078994613 0.1320675105485232 0.24057450628366248 0.2641350210970464
2 0.3309395571514063 0.3362869198312236 0.14961101137043686 0.13924050632911392
2 0.630460801915021 0.4890295358649789 0.14422501496110113 0.15611814345991562
0 0.5406941950927588 0.48523206751054854 0.04727707959305805 0.06413502109704641
0 0.45272292040694195 0.8881856540084389 0.04727707959305805 0.12236286919831224
0 0.4278874925194494 0.32489451476793246 0.05146618791143028 0.06244725738396625
0 0.45272292040694195 0.4337552742616034 0.06283662477558348 0.07426160337552742
0 0.44913225613405144 0.23966244725738398 0.043686415320167565 0.06413502109704641
0 0.5535607420706165 0.24050632911392406 0.045481747456612806 0.0759493670886076
0 0.7187312986235787 0.33502109704641353 0.07779772591262717 0.06582278481012659
0 0.5314183123877917 0.5987341772151898 0.040694195092758824 0.07341772151898734