1 0.930699481865285 0.36727122835943943 0.046632124352331605 0.17147568013190437
1 0.9281088082901554 0.6327287716405606 0.04922279792746114 0.12530915086562242
2 0.45466321243523317 0.38582028029678483 0.9093264248704663 0.29843363561417974
2 0.11075129533678757 0.6483924154987634 0.22150259067357514 0.2019785655399835
2 0.3439119170984456 0.6685902720527618 0.19689119170984457 0.1508656224237428
2 0.6839378238341969 0.6455070074196207 0.44430051813471505 0.21187139323990106
0 0.9022020725388601 0.49505358615004125 0.1955958549222798 0.0832646331409728
0 0.6042746113989638 0.5750206100577082 0.10621761658031088 0.08903544929925804
0 0.19170984455958548 0.6302555647155812 0.10492227979274611 0.05441055234954658
0 0.16968911917098445 0.5070074196207749 0.12823834196891193 0.0832646331409728
0 0.04598445595854922 0.4905193734542457 0.09196891191709844 0.08573784006595218