1 0.06930051813471502 0.6327287716405606 0.046632124352331605 0.17147568013190437
1 0.07189119170984457 0.36727122835943943 0.04922279792746114 0.12530915086562242
2 0.5446891191709845 0.6133553173948887 0.9106217616580311 0.29843363561417974
2 0.8886010362694301 0.35078318219291016 0.22279792746113988 0.2019785655399835
2 0.6560880829015544 0.3314097279472383 0.19689119170984457 0.1508656224237428
2 0.3160621761658031 0.35449299258037925 0.44430051813471505 0.21187139323990106
0 0.09715025906735751 0.5041220115416323 0.19430051813471502 0.0832646331409728
0 0.3957253886010363 0.42497938994229184 0.10621761658031088 0.08903544929925804
0 0.8082901554404145 0.3697444352844188 0.10492227979274611 0.05441055234954658
0 0.8303108808290155 0.49299258037922505 0.12823834196891193 0.0832646331409728
0 0.9533678756476683 0.5086562242374278 0.09326424870466321 0.08573784006595218