1 0.20053715308863027 0.71875 0.04028648164726947 0.19444444444444445
1 0.20008952551477172 0.5013888888888889 0.04118173679498657 0.10694444444444444
1 0.19919427036705462 0.18055555555555555 0.04118173679498657 0.18194444444444444
1 0.6835273052820053 0.9381944444444444 0.020590868397493287 0.12361111111111112
2 0.7511190689346464 0.8680555555555556 0.11996418979409132 0.2638888888888889
2 0.315129811996419 0.47638888888888886 0.19785138764547897 0.22083333333333333
2 0.44270367054610565 0.5 0.4556848701880036 1
2 0.4843330349149508 0.43472222222222223 0.10653536257833482 0.2986111111111111
2 0.3755595344673232 0.1763888888888889 0.3285586392121755 0.3527777777777778
0 0.5689346463742166 0.41388888888888886 0.05550581915846016 0.08472222222222223
0 0.7121754700089525 0.8131944444444444 0.09131602506714413 0.10555555555555556
0 0.5729632945389436 0.19722222222222222 0.07609668755595345 0.10416666666666667
0 0.6853178155774395 0.01875 0.1512981199641898 0.0375