2 0.7506273525721455 0.11107168204400283 0.21831869510664995 0.2044002838892832
2 0.2396486825595985 0.11355571327182398 0.2603513174404015 0.20085166784953867
2 0.40683814303638643 0.24166075230660042 0.5872020075282308 0.46132008516678497
2 0.5200752823086575 0.28708303761533 0.09473023839397741 0.1376863023420866
2 0.6057089084065245 0.30518097941802697 0.04893350062735257 0.11710432931156849
2 0.37578419071518193 0.6933995741660752 0.16373902132998747 0.4251242015613911
2 0.191969887076537 0.5415188076650106 0.18005018820577165 0.09297374024130589
1 0.7575282308657465 0.0063875088715401 0.11355081555834379 0.0127750177430802
1 0.5646173149309912 0.00532292405961675 0.06273525721455459 0.0106458481192335
1 0.45796737766624845 0.0063875088715401 0.07779171894604768 0.0127750177430802
1 0.10257214554579674 0.1497515968772179 0.020075282308657464 0.1312987934705465
1 0.1053952321204517 0.4315117104329312 0.014429109159347553 0.056068133427963095
1 0.38017565872020076 0.9173172462739532 0.08971141781681305 0.017033356990773598
1 0.17220828105395233 0.4872249822569198 0.12923462986198245 0.021291696238467
0 0.4372647427854454 0.45564229950319374 0.04705144291091593 0.0631653655074521
0 0.256900878293601 0.48474095102909864 0.05520702634880803 0.11284599006387509
0 0.6166875784190715 0.18026969481902058 0.045796737766624844 0.050390347764371894
0 0.5194479297365119 0.19198012775017742 0.039523212045169384 0.0511000709723208
0 0.35476787954830613 0.1823988644428673 0.05269761606022585 0.054648687012065295
0 0.7111041405269761 0.4425124201561391 0.10790464240903387 0.049680624556423
0 0.6549560853199499 0.3062455642299503 0.04203262233375157 0.034066713981547196
0 0.676913425345044 0.23811213626685593 0.05081555834378921 0.0667139815471966
0 0.4300501882057716 0.5521646557842441 0.04015056461731493 0.04045422285308729