2 0.24937264742785445 0.8889283179559971 0.21831869510664995 0.2044002838892832
2 0.7603513174404015 0.886444286728176 0.2603513174404015 0.20085166784953867
2 0.5931618569636136 0.7583392476933996 0.5872020075282308 0.46132008516678497
2 0.47992471769134254 0.71291696238467 0.09473023839397741 0.1376863023420866
2 0.39429109159347553 0.694819020581973 0.04893350062735257 0.11710432931156849
2 0.624215809284818 0.3066004258339248 0.16373902132998747 0.4251242015613911
2 0.8080301129234629 0.45848119233498935 0.18005018820577165 0.09297374024130589
1 0.2418444165621079 0.9932576295244855 0.11355081555834379 0.0134847409510291
1 0.4347553324968632 0.9943222143364088 0.06273525721455459 0.0113555713271824
1 0.541405269761606 0.9932576295244855 0.07779171894604768 0.0134847409510291
1 0.8974278544542033 0.8502484031227822 0.020075282308657464 0.1312987934705465
1 0.8946047678795483 0.5684882895670689 0.014429109159347553 0.056068133427963095
1 0.6198243412797992 0.08268275372604685 0.08971141781681305 0.017033356990773598
1 0.8277917189460476 0.5127750177430802 0.12923462986198245 0.021291696238467
0 0.5627352572145545 0.5443577004968062 0.04705144291091593 0.0631653655074521
0 0.743099121706399 0.5152590489709014 0.05520702634880803 0.11284599006387509
0 0.3833124215809285 0.8197303051809794 0.045796737766624844 0.050390347764371894
0 0.48055207026348806 0.8080198722498225 0.039523212045169384 0.0511000709723208
0 0.6452321204516939 0.8176011355571328 0.05269761606022585 0.054648687012065295
0 0.2888958594730238 0.5574875798438609 0.10790464240903387 0.049680624556423
0 0.3450439146800502 0.6937544357700497 0.04203262233375157 0.034066713981547196
0 0.3230865746549561 0.7618878637331441 0.05081555834378921 0.0667139815471966
0 0.5699498117942283 0.4478353442157559 0.04015056461731493 0.04045422285308729