1 0.15125448028673835 0.37015663643858204 0.025806451612903226 0.1434460016488046
1 0.14838709677419354 0.12324814509480626 0.01863799283154122 0.15416323165704865
1 0.7874551971326165 0.34295136026380874 0.02078853046594982 0.18136850783182193
1 0.7885304659498208 0.06553998351195384 0.022939068100358423 0.13107996702390767
1 0.7853046594982079 0.9117889530090684 0.016487455197132617 0.14509480626545754
2 0.45089605734767024 0.9398186314921682 0.11039426523297491 0.12036273701566365
2 0.4483870967741935 0.7662819455894476 0.11684587813620072 0.21681780708985984
2 0.45304659498207883 0.5968672712283595 0.11899641577060932 0.12201154163231658
2 0.5856630824372759 0.6553998351195384 0.14480286738351256 0.2539159109645507
2 0.7232974910394265 0.7386644682605111 0.11469534050179211 0.08738664468260511
2 0.7189964157706094 0.6133553173948887 0.12903225806451613 0.15993404781533388
2 0.8530465949820788 0.7658697444352844 0.11469534050179211 0.4682605111294312
2 0.6430107526881721 0.8928276999175597 0.2637992831541219 0.21434460016488047
2 0.8405017921146953 0.23000824402308326 0.08100358422939068 0.4600164880461665
2 0.7189964157706094 0.06924979389942292 0.11756272401433691 0.13849958779884583
2 0.625089605734767 0.23165704863973618 0.2996415770609319 0.46331409727947237
2 0.5100358422939069 0.06842539159109645 0.06379928315412187 0.1368507831821929
2 0.317921146953405 0.1079967023907667 0.3132616487455197 0.2159934047815334
2 0.31756272401433694 0.34707337180544107 0.31827956989247314 0.23248145094806266
2 0.43189964157706096 0.380873866446826 0.07670250896057347 0.16488046166529266
0 0.15663082437275985 0.26215993404781535 0.12258064516129032 0.06430338004946413
0 0.44695340501792113 0.2605111294311624 0.06236559139784946 0.06595218466611706
0 0.4182795698924731 0.3342951360263809 0.04516129032258064 0.07337180544105523
0 0.4483870967741935 0.1834295136026381 0.06093189964157706 0.06677658697444352
0 0.5702508960573477 0.06100577081615829 0.06666666666666667 0.06265457543281121
0 0.5387096774193548 0.6158285243198681 0.06236559139784946 0.06430338004946413
0 0.5383512544802868 0.7440230832646332 0.06164874551971326 0.06347897774113767
0 0.4827956989247312 0.8507831821929102 0.04802867383512545 0.06430338004946413
0 0.6057347670250897 0.8215169002473207 0.05878136200716846 0.07666941467436109
0 0.6888888888888889 0.7444352844187964 0.06164874551971326 0.0741962077493817
0 0.8164874551971326 0.7411376751854906 0.07598566308243727 0.08408903544929926
0 0.785663082437276 0.21393239901071723 0.13189964157706094 0.07666941467436109