1 0.8487455197132616 0.629843363561418 0.025806451612903226 0.1434460016488046
1 0.8516129032258064 0.8767518549051937 0.01863799283154122 0.15416323165704865
1 0.2125448028673835 0.6570486397361912 0.02078853046594982 0.18136850783182193
1 0.2114695340501792 0.9344600164880462 0.022939068100358423 0.13107996702390767
1 0.21469534050179212 0.08821104699093157 0.016487455197132617 0.14509480626545754
2 0.5491039426523298 0.060181368507831824 0.11039426523297491 0.12036273701566365
2 0.5516129032258065 0.23371805441055235 0.11684587813620072 0.21681780708985984
2 0.5469534050179211 0.4031327287716406 0.11899641577060932 0.12201154163231658
2 0.414336917562724 0.3446001648804617 0.14480286738351256 0.2539159109645507
2 0.27670250896057347 0.26133553173948887 0.11469534050179211 0.08738664468260511
2 0.2810035842293907 0.3866446826051113 0.12903225806451613 0.15993404781533388
2 0.14695340501792115 0.2341302555647156 0.11469534050179211 0.4682605111294312
2 0.35698924731182796 0.10717230008244023 0.2637992831541219 0.21434460016488047
2 0.15949820788530467 0.7699917559769167 0.08100358422939068 0.4600164880461665
2 0.2810035842293907 0.9307502061005771 0.11756272401433691 0.13849958779884583
2 0.374910394265233 0.7683429513602638 0.2996415770609319 0.46331409727947237
2 0.4899641577060932 0.9315746084089035 0.06379928315412187 0.1368507831821929
2 0.682078853046595 0.8920032976092334 0.3132616487455197 0.2159934047815334
2 0.6824372759856631 0.6529266281945589 0.31827956989247314 0.23248145094806266
2 0.568100358422939 0.6191261335531739 0.07670250896057347 0.16488046166529266
0 0.8433691756272401 0.7378400659521847 0.12258064516129032 0.06430338004946413
0 0.5530465949820789 0.7394888705688376 0.06236559139784946 0.06595218466611706
0 0.5817204301075268 0.6657048639736192 0.04516129032258064 0.07337180544105523
0 0.5516129032258065 0.816570486397362 0.06093189964157706 0.06677658697444352
0 0.4297491039426523 0.9389942291838417 0.06666666666666667 0.06265457543281121
0 0.4612903225806452 0.3841714756801319 0.06236559139784946 0.06430338004946413
0 0.46164874551971324 0.2559769167353669 0.06164874551971326 0.06347897774113767
0 0.5172043010752688 0.14921681780708987 0.04802867383512545 0.06430338004946413
0 0.3942652329749104 0.17848309975267931 0.05878136200716846 0.07666941467436109
0 0.3111111111111111 0.25556471558120364 0.06164874551971326 0.0741962077493817
0 0.18351254480286738 0.2588623248145095 0.07598566308243727 0.08408903544929926
0 0.21433691756272402 0.7860676009892827 0.13189964157706094 0.07666941467436109