2 0.7027687296416938 0.08617424242424243 0.254071661237785 0.17234848484848486
2 0.7202768729641694 0.41571969696969696 0.28583061889250816 0.45075757575757575
2 0.43485342019543977 0.4029356060606061 0.25732899022801303 0.4251893939393939
2 0.4157166123778502 0.6870265151515151 0.43892508143322473 0.24147727272727273
2 0.249185667752443 0.8778409090909091 0.12052117263843648 0.14772727272727273
2 0.44218241042345274 0.8783143939393939 0.254071661237785 0.13162878787878787
2 0.7190553745928339 0.790719696969697 0.2947882736156352 0.29734848484848486
0 0.628257328990228 0.5961174242424242 0.10342019543973942 0.09943181818181818
0 0.6294788273615635 0.6998106060606061 0.10097719869706841 0.10606060606060606
0 0.4800488599348534 0.6060606060606061 0.06758957654723127 0.10037878787878787
0 0.4755700325732899 0.7660984848484849 0.07654723127035831 0.0928030303030303
0 0.18200325732899023 0.7286931818181818 0.16693811074918566 0.08238636363636363
0 0.2772801302931596 0.7817234848484849 0.0741042345276873 0.08617424242424243
0 0.6311074918566775 0.1387310606060606 0.09120521172638436 0.10890151515151515
1 0.7381921824104235 0.18418560606060605 0.14413680781758959 0.027462121212121212
1 0.43200325732899025 0.18371212121212122 0.16856677524429967 0.022727272727272728
1 0.872557003257329 0.7821969696969697 0.02035830618892508 0.1590909090909091