2 0.20418118466898955 0.7002915451895044 0.4083623693379791 0.3486880466472303
0 0.3362369337979094 0.7518950437317784 0.156794425087108 0.24431486880466471
0 0.6724738675958188 0.6988338192419825 0.49337979094076656 0.3457725947521866
0 0.8714285714285714 0.8192419825072886 0.08710801393728224 0.10029154518950437
0 0.9658536585365853 0.8250728862973761 0.06829268292682927 0.11428571428571428
1 0.42229965156794425 0.7836734693877551 0.018118466898954706 0.08746355685131195
1 0.41986062717770034 0.60932944606414 0.020209059233449476 0.08629737609329446
1 0.41846689895470385 0.37551020408163266 0.022996515679442508 0.07580174927113703
1 0.42334494773519166 0.1915451895043732 0.017421602787456445 0.06938775510204082
1 0.9278745644599303 0.26326530612244897 0.020209059233449476 0.05539358600583091
1 0.9264808362369338 0.38338192419825073 0.010452961672473868 0.04139941690962099
0 0.8522648083623693 0.726530612244898 0.07247386759581882 0.04897959183673469
0 0.9512195121951219 0.7256559766763848 0.0627177700348432 0.04139941690962099
0 0.7376306620209059 0.317201166180758 0.0578397212543554 0.044314868804664724
0 0.7365853658536585 0.25685131195335276 0.06550522648083623 0.05072886297376093
0 0.3996515679442509 0.6755102040816326 0.06341463414634146 0.05072886297376093
0 0.8505226480836237 0.7871720116618076 0.05365853658536585 0.0478134110787172
2 0.5926829268292683 0.3813411078717201 0.335191637630662 0.17259475218658893
2 0.5881533101045296 0.20699708454810495 0.3372822299651568 0.16559766763848396
2 0.8397212543554007 0.2944606413994169 0.15609756097560976 0.34285714285714286