2 0.7958188153310104 0.29970845481049563 0.4083623693379791 0.3486880466472303
0 0.6637630662020906 0.24810495626822157 0.156794425087108 0.24431486880466471
0 0.32752613240418116 0.3011661807580175 0.49337979094076656 0.3457725947521866
0 0.12857142857142856 0.18075801749271136 0.08710801393728224 0.10029154518950437
0 0.03414634146341464 0.1749271137026239 0.06829268292682927 0.11428571428571428
1 0.5777003484320558 0.2163265306122449 0.018118466898954706 0.08746355685131195
1 0.5801393728222997 0.39067055393586003 0.020209059233449476 0.08629737609329446
1 0.5815331010452962 0.6244897959183674 0.022996515679442508 0.07580174927113703
1 0.5766550522648084 0.8084548104956268 0.017421602787456445 0.06938775510204082
1 0.07212543554006969 0.736734693877551 0.020209059233449476 0.05539358600583091
1 0.0735191637630662 0.6166180758017493 0.010452961672473868 0.04139941690962099
0 0.14773519163763066 0.27346938775510204 0.07247386759581882 0.04897959183673469
0 0.04878048780487805 0.2743440233236152 0.0627177700348432 0.04139941690962099
0 0.26236933797909406 0.682798833819242 0.0578397212543554 0.044314868804664724
0 0.2634146341463415 0.7431486880466472 0.06550522648083623 0.05072886297376093
0 0.6003484320557492 0.32448979591836735 0.06341463414634146 0.05072886297376093
0 0.14947735191637632 0.21282798833819241 0.05365853658536585 0.0478134110787172
2 0.4073170731707317 0.6186588921282798 0.335191637630662 0.17259475218658893
2 0.4118466898954704 0.793002915451895 0.3372822299651568 0.16559766763848396
2 0.1602787456445993 0.7055393586005831 0.15609756097560976 0.34285714285714286