2 0.730732635585157 0.15670103092783505 0.3472882968601332 0.2876288659793814
2 0.7316841103710752 0.927319587628866 0.34823977164605135 0.14536082474226805
2 0.5294957183634633 0.4963917525773196 0.7554709800190295 0.6824742268041237
2 0.4110371075166508 0.6335051546391752 0.2787821122740247 0.40824742268041236
2 0.7283539486203615 0.15463917525773196 0.346336822074215 0.29381443298969073
2 0.5014272121788773 0.11494845360824742 0.09419600380589914 0.1711340206185567
2 0.36679352997145576 0.1077319587628866 0.16175071360608945 0.1958762886597938
1 0.7740247383444339 0.8474226804123711 0.1845861084681256 0.02577319587628866
1 0.4234062797335871 0.8515463917525773 0.17221693625118933 0.01958762886597938
1 0.9186489058039962 0.18195876288659793 0.024738344433872503 0.1731958762886598
0 0.5846812559467174 0.2603092783505155 0.08753568030447194 0.09072164948453608
0 0.49904852521408183 0.23402061855670103 0.058991436726926735 0.0731958762886598
0 0.3363463368220742 0.238659793814433 0.05708848715509039 0.06804123711340206
0 0.14843006660323502 0.277319587628866 0.170313986679353 0.08556701030927835
0 0.5042816365366318 0.46443298969072166 0.06565176022835395 0.09484536082474226
0 0.620837297811608 0.8170103092783505 0.0780209324452902 0.10309278350515463