2 0.07960526315789473 0.6842350746268657 0.15921052631578947 0.26026119402985076
2 0.43157894736842106 0.6189365671641791 0.4710526315789474 0.37033582089552236
2 0.8381578947368421 0.5699626865671642 0.3236842105263158 0.4701492537313433
2 0.7546052631578948 0.3101679104477612 0.2013157894736842 0.23041044776119404
2 0.9381578947368421 0.2574626865671642 0.12368421052631579 0.12313432835820895
2 0.4144736842105263 0.30223880597014924 0.4394736842105263 0.25
0 0.17828947368421053 0.5914179104477612 0.2644736842105263 0.08208955223880597
1 0.17960526315789474 0.6977611940298507 0.03289473684210526 0.11940298507462686
1 0.18355263157894736 0.4841417910447761 0.04868421052631579 0.10074626865671642
1 0.18421052631578946 0.3670708955223881 0.05526315789473684 0.1166044776119403
0 0.4986842105263158 0.39225746268656714 0.11842105263157894 0.09421641791044776
0 0.7828947368421053 0.46968283582089554 0.11842105263157894 0.09235074626865672
0 0.8335526315789473 0.28824626865671643 0.0881578947368421 0.054104477611940295
0 0.9776315789473684 0.5069962686567164 0.04473684210526316 0.05503731343283582