2 0.9203947368421053 0.31576492537313433 0.15921052631578947 0.26026119402985076
2 0.5684210526315789 0.3810634328358209 0.4710526315789474 0.37033582089552236
2 0.1618421052631579 0.4300373134328358 0.3236842105263158 0.4701492537313433
2 0.24539473684210528 0.6898320895522388 0.2013157894736842 0.23041044776119404
2 0.06184210526315789 0.7425373134328358 0.12368421052631579 0.12313432835820895
2 0.5855263157894737 0.6977611940298507 0.4394736842105263 0.25
0 0.8217105263157894 0.4085820895522388 0.2644736842105263 0.08208955223880597
1 0.8203947368421053 0.30223880597014924 0.03289473684210526 0.11940298507462686
1 0.8164473684210526 0.5158582089552238 0.04868421052631579 0.10074626865671642
1 0.8157894736842105 0.632929104477612 0.05526315789473684 0.1166044776119403
0 0.5013157894736842 0.6077425373134329 0.11842105263157894 0.09421641791044776
0 0.21710526315789475 0.5303171641791045 0.11842105263157894 0.09235074626865672
0 0.16644736842105262 0.7117537313432836 0.0881578947368421 0.054104477611940295
0 0.02236842105263158 0.49300373134328357 0.04473684210526316 0.05503731343283582