2 0.41440117560617196 0.7041015625 0.6590742101396032 0.3723958333333333
2 0.9276267450404114 0.5677083333333334 0.14474650991917706 0.10677083333333333
2 0.6631153563556209 0.5690104166666666 0.15870683321087437 0.09830729166666667
2 0.5330639235855988 0.5638020833333334 0.09110947832476121 0.10221354166666667
2 0.41072740631888316 0.5660807291666666 0.14033798677443057 0.09635416666666667
2 0.7024246877296105 0.6650390625 0.08302718589272594 0.08723958333333333
2 0.03930933137398971 0.2854817708333333 0.07861866274797942 0.13606770833333334
2 0.21418074944893462 0.3688151041666667 0.2542248346803821 0.18880208333333334
2 0.21197648787656134 0.1796875 0.2542248346803821 0.16471354166666666
2 0.4195444526083762 0.22102864583333334 0.14474650991917706 0.25390625
2 0.5 0.4117838541666667 0.21748714180749448 0.11458333333333333
2 0.6778104335047759 0.4085286458333333 0.1278471711976488 0.11848958333333333
2 0.6168258633357825 0.21647135416666666 0.25128581925055105 0.23828125
1 0.07972079353416606 0.5895182291666666 0.027920646583394562 0.1171875
1 0.08008817046289493 0.404296875 0.01689933872152829 0.07356770833333333
1 0.08302718589272594 0.17708333333333334 0.022777369581190303 0.07356770833333333
1 0.7479794268919912 0.23665364583333334 0.018368846436443792 0.078125
1 0.7531227038941954 0.404296875 0.01689933872152829 0.06315104166666667
1 0.5132255694342396 0.4759114583333333 0.0440852314474651 0.016276041666666668
1 0.3232916972814107 0.4768880208333333 0.050698016164584865 0.022135416666666668
1 0.36737692872887584 0.8981119791666666 0.1462160176340926 0.016927083333333332
1 0.7501836884643645 0.806640625 0.022777369581190303 0.07356770833333333
0 0.9188096987509184 0.6529947916666666 0.06612784717119764 0.06705729166666667
0 0.7744305657604702 0.6695963541666666 0.07861866274797942 0.06380208333333333
0 0.6329904481998531 0.673828125 0.06465833945628215 0.042317708333333336
0 0.6193975018368847 0.640625 0.0639235855988244 0.048828125
0 0.5462894930198383 0.638671875 0.05290227773695812 0.042317708333333336
0 0.3861131520940485 0.6354166666666666 0.04996326230712711 0.044921875
0 0.08265980896399706 0.73046875 0.1278471711976488 0.055338541666666664
0 0.08559882439382807 0.3014322916666667 0.12637766348273327 0.055338541666666664
0 0.3221895664952241 0.23470052083333334 0.05731080088170463 0.048177083333333336
0 0.3692138133725202 0.3157552083333333 0.06465833945628215 0.050130208333333336
0 0.46069066862601027 0.3268229166666667 0.038941954445260836 0.048828125
0 0.5165319617927994 0.2692057291666667 0.05657604702424688 0.055989583333333336
0 0.5867009551800147 0.3743489583333333 0.0440852314474651 0.037109375