2 0.3326161790017212 0.8724137931034482 0.34509466437177283 0.25517241379310346
2 0.33390705679862304 0.3994252873563218 0.3373493975903614 0.6540229885057471
2 0.33950086058519796 0.027011494252873563 0.34165232358003444 0.054022988505747126
2 0.6480206540447504 0.3367816091954023 0.2719449225473322 0.5333333333333333
2 0.6462994836488812 0.7339080459770115 0.27538726333907054 0.22413793103448276
2 0.5959552495697074 0.9281609195402298 0.16953528399311532 0.14367816091954022
2 0.7332185886402753 0.9298850574712644 0.09982788296041308 0.14022988505747128
0 0.4802065404475043 0.6787356321839081 0.0774526678141136 0.09770114942528736
0 0.4793459552495697 0.7948275862068965 0.06712564543889846 0.07241379310344828
0 0.42771084337349397 0.1132183908045977 0.06712564543889846 0.1
0 0.42900172117039587 0.032758620689655175 0.06970740103270223 0.06551724137931035
0 0.5550774526678142 0.5724137931034483 0.06196213425129088 0.10114942528735632
0 0.5950946643717728 0.8028735632183908 0.07142857142857142 0.10689655172413794
0 0.7168674698795181 0.8126436781609195 0.06196213425129088 0.10344827586206896
0 0.7981927710843374 0.7787356321839081 0.14888123924268504 0.09310344827586207
1 0.15705679862306368 0.9149425287356322 0.02323580034423408 0.17011494252873563
1 0.31368330464716004 0.06321839080459771 0.16265060240963855 0.022988505747126436
1 0.6471600688468159 0.06149425287356322 0.16523235800344235 0.040229885057471264