2 0.25 0.9036396181384249 0.2060546875 0.15274463007159905
2 0.225341796875 0.7455250596658711 0.150390625 0.15035799522673032
2 0.328125 0.7440334128878282 0.04296875 0.1431980906921241
2 0.411865234375 0.8368138424821002 0.10595703125 0.3263723150357995
2 0.294921875 0.4594272076372315 0.2841796875 0.40274463007159905
2 0.3564453125 0.1581145584725537 0.16064453125 0.21897374701670644
2 0.21240234375 0.12619331742243436 0.11865234375 0.15513126491646778
2 0.220947265625 0.3087708830548926 0.1396484375 0.21897374701670644
1 0.14892578125 0.7684964200477327 0.0146484375 0.09188544152744631
1 0.1494140625 0.5566825775656324 0.015625 0.16348448687350836
1 0.147216796875 0.3302505966587112 0.0166015625 0.11634844868735084
1 0.233642578125 0.042362768496420046 0.076171875 0.021479713603818614
1 0.44384765625 0.15721957040572793 0.017578125 0.08651551312649165
1 0.44384765625 0.5784606205250596 0.01416015625 0.11336515513126491
0 0.463623046875 0.33084725536992843 0.0498046875 0.07040572792362769
0 0.3857421875 0.3418854415274463 0.04638671875 0.056682577565632455
0 0.37744140625 0.39856801909307876 0.02783203125 0.03758949880668258
0 0.275634765625 0.34307875894988066 0.0341796875 0.03758949880668258
0 0.234130859375 0.23717183770883055 0.03857421875 0.041766109785202864
0 0.229736328125 0.18227923627684964 0.03857421875 0.05787589498806683
0 0.619140625 0.23299522673031026 0.03955078125 0.03758949880668258
0 0.2822265625 0.6837708830548926 0.0263671875 0.056682577565632455
0 0.3818359375 0.8934964200477327 0.064453125 0.13007159904534607
1 0.356201171875 0.7434367541766109 0.01318359375 0.06324582338902147
1 0.217041015625 0.9832935560859188 0.0498046875 0.017303102625298328
1 0.283447265625 0.9812052505966588 0.0517578125 0.012529832935560859
2 0.601806640625 0.2852028639618138 0.13525390625 0.15035799522673032
2 0.60400390625 0.41408114558472553 0.1416015625 0.08353221957040573
2 0.597412109375 0.5149164677804295 0.125 0.09486873508353222
2 0.596435546875 0.6136634844868735 0.126953125 0.09427207637231504
2 0.6982421875 0.5337112171837709 0.083984375 0.26252983293556087
2 0.7080078125 0.3013126491646778 0.068359375 0.1957040572792363
2 0.787109375 0.37559665871121717 0.0810546875 0.22852028639618138
2 0.7861328125 0.5775656324582339 0.07763671875 0.162291169451074
2 0.572509765625 0.741945107398568 0.08544921875 0.1366348448687351
2 0.67822265625 0.7380668257756563 0.1171875 0.14856801909307876
2 0.6357421875 0.8979713603818615 0.20703125 0.16050119331742244
1 0.743896484375 0.7440334128878282 0.01416015625 0.06205250596658711
1 0.531494140625 0.7676014319809069 0.015625 0.06205250596658711
1 0.533203125 0.545346062052506 0.01416015625 0.032219570405727926
1 0.5322265625 0.43973747016706444 0.01416015625 0.032219570405727926
0 0.6328125 0.7616348448687351 0.0400390625 0.04355608591885442
0 0.7119140625 0.6458830548926014 0.03076171875 0.04474940334128878
0 0.72802734375 0.6255966587112172 0.0400390625 0.04713603818615752
0 0.676025390625 0.5978520286396182 0.03564453125 0.05548926014319809
0 0.6748046875 0.5038782816229117 0.03125 0.04295942720763723
0 0.58349609375 0.4823985680190931 0.0341796875 0.059665871121718374
0 0.710693359375 0.381563245823389 0.03662109375 0.06742243436754176
0 0.7275390625 0.34457040572792363 0.0478515625 0.0405727923627685
0 0.692626953125 0.29594272076372313 0.0341796875 0.04355608591885442
0 0.384033203125 0.2383651551312649 0.041015625 0.054295942720763726
0 0.425537109375 0.2431384248210024 0.0263671875 0.03818615751789976