2 0.169677734375 0.19451073985680192 0.125 0.25178997613365156
2 0.299072265625 0.16437947494033414 0.123046875 0.18377088305489261
2 0.30029296875 0.28997613365155134 0.1171875 0.05250596658711217
2 0.216796875 0.3926014319809069 0.2822265625 0.12947494033412887
2 0.533203125 0.2494033412887828 0.32958984375 0.34725536992840095
2 0.77978515625 0.324582338902148 0.17919921875 0.19630071599045346
2 0.805908203125 0.14856801909307876 0.126953125 0.14498806682577567
2 0.656494140625 0.1590095465393795 0.17919921875 0.17064439140811455
1 0.2802734375 0.07100238663484487 0.0751953125 0.017899761336515514
1 0.45361328125 0.07159904534606205 0.1337890625 0.01909307875894988
1 0.638916015625 0.06891408114558473 0.09521484375 0.02028639618138425
1 0.87451171875 0.17452267303102625 0.017578125 0.09307875894988067
1 0.780517578125 0.43138424821002386 0.07080078125 0.021479713603818614
1 0.435791015625 0.43138424821002386 0.0927734375 0.017303102625298328
0 0.638427734375 0.4555489260143198 0.0576171875 0.060859188544152745
0 0.62939453125 0.360381861575179 0.04638671875 0.056682577565632455
0 0.5830078125 0.3502386634844869 0.03076171875 0.03400954653937947
0 0.62841796875 0.22583532219570407 0.03076171875 0.041766109785202864
0 0.715087890625 0.17511933174224345 0.0341796875 0.04713603818615752
0 0.760009765625 0.1697494033412888 0.04736328125 0.04713603818615752
0 0.718505859375 0.6455847255369929 0.03076171875 0.04832935560859188
0 0.349609375 0.23389021479713604 0.04638671875 0.032219570405727926
0 0.177978515625 0.3556085918854415 0.1064453125 0.07875894988066826
1 0.30078125 0.32428400954653935 0.0517578125 0.016109785202863963
1 0.1044921875 0.154236276849642 0.01416015625 0.060859188544152745
1 0.106201171875 0.23538186157517899 0.01025390625 0.06324582338902147
2 0.67578125 0.6244033412887828 0.123046875 0.1652744630071599
2 0.5703125 0.6270883054892601 0.068359375 0.1730310262529833
2 0.48779296875 0.6190334128878282 0.07763671875 0.15274463007159905
2 0.406982421875 0.6178400954653938 0.0771484375 0.15513126491646778
2 0.472412109375 0.7422434367541766 0.21484375 0.1026252983293556
2 0.66259765625 0.7541766109785203 0.16015625 0.08353221957040573
2 0.601806640625 0.850835322195704 0.18701171875 0.09904534606205251
2 0.4365234375 0.8496420047732697 0.1328125 0.09486873508353222
2 0.302001953125 0.5886038186157518 0.11181640625 0.10441527446300716
2 0.30517578125 0.7177804295942721 0.12158203125 0.1431980906921241
2 0.17431640625 0.665871121718377 0.13134765625 0.2529832935560859
1 0.30029296875 0.7980310262529833 0.05078125 0.017303102625298328
1 0.281005859375 0.5384844868735084 0.05078125 0.01909307875894988
1 0.462890625 0.5405727923627685 0.0263671875 0.017303102625298328
1 0.54931640625 0.5393794749403341 0.0263671875 0.017303102625298328
0 0.285888671875 0.662291169451074 0.03564453125 0.04892601431980907
0 0.380615234375 0.7589498806682577 0.03662109375 0.03758949880668258
0 0.397216796875 0.7786396181384249 0.03857421875 0.04892601431980907
0 0.419921875 0.7150954653937948 0.04541015625 0.04355608591885442
0 0.496826171875 0.7136038186157518 0.03515625 0.03818615751789976
0 0.514404296875 0.6020286396181385 0.048828125 0.041766109785202864
0 0.596923828125 0.7574582338902148 0.05517578125 0.04474940334128878
0 0.627197265625 0.7780429594272077 0.033203125 0.05847255369928401
0 0.6669921875 0.735381861575179 0.03564453125 0.041766109785202864
0 0.714111328125 0.35829355608591884 0.04443359375 0.050119331742243436
0 0.710205078125 0.4090095465393795 0.03125 0.032219570405727926