2 0.16958041958041958 0.19440225645476242 0.125 0.2520820468314502
2 0.29895104895104896 0.16449421700018357 0.12325174825174823 0.18372081379241287
2 0.30026223776223776 0.2900011682827912 0.11713286713286716 0.05233906904551297
2 0.21678321678321677 0.3925430178413472 0.2823426573426573 0.1292454562144299
2 0.5332167832167832 0.2494116861658628 0.3295454545454546 0.34714688652636144
2 0.7797202797202797 0.3247158569354273 0.17919580419580416 0.19653854498723233
2 0.8059440559440559 0.1484720530066592 0.12674825174825166 0.14526762020795433
2 0.6564685314685315 0.15915349566900877 0.17919580419580416 0.17090308259759332
1 0.28015734265734266 0.07103159370462474 0.07517482517482518 0.01815845252599429
1 0.45367132867132864 0.07156566583774221 0.13374125874125875 0.019226596792229243
1 0.638986013986014 0.06889530517215481 0.0952797202797202 0.020294741058464218
1 0.8745629370629371 0.1746415875294157 0.0174825174825175 0.09292855116244136
1 0.7805944055944056 0.43153028355892314 0.07080419580419584 0.02136288532469919
1 0.4357517482517482 0.43153028355892314 0.09265734265734271 0.0170903082597593
0 0.638548951048951 0.45556352954920976 0.05769230769230771 0.060884223175392584
0 0.6293706293706294 0.36049868985429845 0.046328671328671245 0.05661164611045283
0 0.583041958041958 0.35035131932506636 0.030594405594405627 0.03418061651951873
0 0.6284965034965035 0.2259125123086937 0.030594405594405627 0.04165762638316341
0 0.715034965034965 0.17517565966253318 0.03409090909090917 0.04699834771433819
0 0.7600524475524475 0.16983493833135838 0.0472027972027973 0.04699834771433819
0 0.7185314685314685 0.6456932089390324 0.030594405594405627 0.048066491980573174
0 0.34965034965034963 0.23392359430545587 0.046328671328671356 0.03204432798704872
0 0.1778846153846154 0.35569204065624116 0.10664335664335663 0.07904267570138693
1 0.3006993006993007 0.32418178480230986 0.05157342657342656 0.016022163993524394
1 0.10445804195804195 0.15434684647095148 0.013986013986013984 0.06088422317539263
1 0.10620629370629371 0.2355258107048083 0.010489510489510495 0.06302051170786253
2 0.6756993006993007 0.6243303236143332 0.12325174825174834 0.16556236126641852
2 0.5703671328671329 0.6270006842799206 0.06818181818181812 0.17303937113006332
2 0.48776223776223776 0.6189896022831584 0.07779720279720281 0.15274463007159905
2 0.40690559440559443 0.6179214580169234 0.07692307692307698 0.1548809186040689
2 0.472465034965035 0.742360265033296 0.21503496503496505 0.10254184955855605
2 0.6625874125874126 0.7541098519618805 0.159965034965035 0.08331525276632668
2 0.6018356643356644 0.8507769080561444 0.18706293706293708 0.09933741675985107
2 0.4366258741258741 0.8497087637899094 0.1328671328671328 0.09506483969491118
2 0.30201048951048953 0.5885474906954621 0.11188811188811187 0.10467813809102587
2 0.30506993006993005 0.717792946909892 0.12150349650349648 0.14313133167548436
2 0.17438811188811187 0.6659879499974966 0.13111888111888115 0.2531501910976851
1 0.30026223776223776 0.797903766877514 0.05069930069930073 0.0170903082597593
1 0.28103146853146854 0.538344710182419 0.05069930069930073 0.019226596792229243
1 0.46284965034965037 0.5404809987148889 0.02622377622377625 0.0170903082597593
1 0.5493881118881119 0.5394128544486541 0.02622377622377625 0.0170903082597593
0 0.28583916083916083 0.6622494450656742 0.03583916083916083 0.04913463624680808
0 0.3806818181818182 0.7589165011599379 0.036713286713286664 0.03738504931822358
0 0.3972902097902098 0.7786771700852846 0.038461538461538436 0.04913463624680808
0 0.4200174825174825 0.7151225862443046 0.045454545454545414 0.04379391491563329
0 0.49694055944055937 0.7135203698449523 0.03496503496503495 0.038453193584458485
0 0.5144230769230769 0.601899294023399 0.04895104895104896 0.04165762638316334
0 0.597027972027972 0.7573142847605855 0.055069930069929995 0.04486205918186819
0 0.6271853146853147 0.7781430979521671 0.03321678321678312 0.05874793464292277
0 0.666958041958042 0.7354173273027689 0.03583916083916083 0.041657626383163476
0 0.7141608391608392 0.35836240132182856 0.044580419580419584 0.050202780513042985
0 0.7102272727272727 0.4090992539679891 0.03146853146853146 0.03204432798704879