2 0.14357053682896379 0.5478991596638656 0.28714107365792757 0.4084033613445378
2 0.08239700374531835 0.2668067226890756 0.1647940074906367 0.13361344537815126
2 0.4656679151061174 0.4789915966386555 0.5480649188514357 0.5436974789915966
2 0.8813982521847691 0.5092436974789916 0.23720349563046192 0.2722689075630252
2 0.8882646691635455 0.7063025210084034 0.22347066167290885 0.10504201680672269
1 0.1373283395755306 0.7634453781512605 0.21598002496878901 0.025210084033613446
1 0.5343320848938826 0.7609243697478991 0.40574282147315854 0.02689075630252101
1 0.8895131086142322 0.7617647058823529 0.2209737827715356 0.015966386554621848
0 0.7166042446941323 0.573109243697479 0.11610486891385768 0.073109243697479
0 0.8395755305867666 0.6205882352941177 0.10486891385767791 0.08403361344537816
0 0.7734082397003745 0.29327731092436976 0.2571785268414482 0.08319327731092437
0 0.2215980024968789 0.2861344537815126 0.11735330836454431 0.06554621848739496
0 0.23096129837702872 0.3760504201680672 0.08863920099875156 0.0957983193277311
0 0.264669163545568 0.6638655462184874 0.13607990012484394 0.07647058823529412