2 0.1688470973017171 0.897544128933231 0.2706459525756337 0.10207214121258634
2 0.17743254292722813 0.6696085955487336 0.2796402289452167 0.3261703760552571
2 0.12551103843008996 0.43591711435149655 0.12837285363859363 0.11972371450498849
2 0.18356500408830745 0.22524942440521872 0.2919051512673753 0.29547198772064465
2 0.5850367947669665 0.2854950115118956 0.7841373671300081 0.42670759785111284
2 0.6933769419460344 0.44973138910207217 0.10139002452984465 0.09823484267075978
0 0.7174979558462796 0.3772064466615503 0.05151267375306623 0.056024558710667687
0 0.875306623058054 0.3461243284727552 0.17089125102207686 0.08749040675364543
0 0.3017170891251022 0.28242517267843437 0.09811937857726902 0.07828089025326171
0 0.2661488143908422 0.5379892555640828 0.0678659035159444 0.09056024558710668
0 0.21995094031071136 0.4405218726016884 0.06704824202780049 0.052187260168841135
0 0.26941946034341785 0.8449731389102072 0.07440719542109567 0.13660782808902533
1 0.1312346688470973 0.840752110514198 0.18233851185609157 0.029930928626247123
1 0.17743254292722813 0.06868764389869532 0.19950940310711365 0.031465848042977744
1 0.49672935404742435 0.06945510360706063 0.2428454619787408 0.03300076745970836
1 0.8168438266557645 0.06216423637759018 0.2109566639411284 0.03069838833461243