2 0.571247892074199 0.6921655580192165 0.6104553119730185 0.3311160384331116
2 0.7078414839797639 0.6053215077605322 0.342327150084317 0.15299334811529933
2 0.8296795952782462 0.7243163340724317 0.09359190556492411 0.07760532150776053
2 0.8322091062394603 0.8118994826311899 0.08853288364249579 0.09164818920916482
2 0.9464586846543002 0.8211382113821138 0.10708263069139966 0.09460458240946046
2 0.9422428330522765 0.7113821138211383 0.11551433389544688 0.12195121951219512
2 0.38870151770657674 0.295269770879527 0.23861720067453626 0.34885439763488546
2 0.12563237774030353 0.6895787139689579 0.25126475548060706 0.35033259423503327
2 0.5526981450252951 0.35624538063562455 0.15851602023608768 0.21507760532150777
2 0.6340640809443507 0.18994826311899482 0.23018549747048903 0.10864745011086474
2 0.8195615514333895 0.18588322246858832 0.13069139966273188 0.10643015521064302
2 0.7630691399662732 0.3558758314855876 0.23018549747048903 0.21877309682187732
1 0.8933389544688027 0.18551367331855137 0.021922428330522766 0.04656319290465632
1 0.8887015177065767 0.3458980044345898 0.0193929173693086 0.10125646711012565
1 0.2571669477234401 0.28085735402808576 0.022765598650927487 0.172209903917221
1 0.260539629005059 0.6500369549150037 0.01770657672849916 0.11825572801182557
1 0.8857504215851602 0.6049519586104952 0.01517706576728499 0.08721359940872137
0 0.2702360876897133 0.7365114560236512 0.1163575042158516 0.057649667405764965
0 0.7613827993254637 0.7823355506282336 0.06155143338954469 0.03695491500369549
0 0.8145025295109612 0.7287509238728751 0.06661045531197302 0.0598669623059867
0 0.9165261382799326 0.7283813747228381 0.0699831365935919 0.05617147080561715
0 0.9772344013490725 0.7450110864745011 0.045531197301854974 0.05617147080561715
0 0.5910623946037099 0.2638580931263858 0.0581787521079258 0.04951958610495196
0 0.44350758853288363 0.2749445676274945 0.049747048903878585 0.04656319290465632
0 0.6724283305227656 0.2719881744271988 0.0657672849915683 0.04065040650406504
0 0.7381956155143339 0.2180339985218034 0.04047217537942664 0.037694013303769404