2 0.428752107925801 0.30783444198078347 0.6104553119730185 0.3311160384331116
2 0.29215851602023607 0.3946784922394678 0.342327150084317 0.15299334811529933
2 0.1703204047217538 0.2756836659275684 0.09359190556492411 0.07760532150776053
2 0.16779089376053963 0.18810051736881006 0.08853288364249579 0.09164818920916482
2 0.05311973018549747 0.17812269031781228 0.10623946037099494 0.09460458240946046
2 0.05733558178752108 0.2878787878787879 0.11467116357504216 0.12195121951219512
2 0.6112984822934233 0.704730229120473 0.23861720067453626 0.34885439763488546
2 0.8739460370994941 0.30968218773096823 0.2521079258010118 0.35033259423503327
2 0.44730185497470487 0.6437546193643755 0.15851602023608768 0.21507760532150777
2 0.36593591905564926 0.8100517368810052 0.23018549747048903 0.10864745011086474
2 0.18043844856661045 0.8141167775314117 0.13069139966273188 0.10643015521064302
2 0.23693086003372682 0.6441241685144125 0.23018549747048903 0.21877309682187732
1 0.1066610455311973 0.8144863266814486 0.021922428330522766 0.04656319290465632
1 0.11129848229342328 0.6541019955654102 0.0193929173693086 0.10125646711012565
1 0.7428330522765598 0.7191426459719142 0.022765598650927487 0.172209903917221
1 0.739460370994941 0.3499630450849963 0.01770657672849916 0.11825572801182557
1 0.11424957841483979 0.3950480413895048 0.01517706576728499 0.08721359940872137
0 0.7297639123102867 0.26348854397634885 0.1163575042158516 0.057649667405764965
0 0.23861720067453626 0.21766444937176643 0.06155143338954469 0.03695491500369549
0 0.18549747048903878 0.2712490761271249 0.06661045531197302 0.0598669623059867
0 0.08347386172006746 0.27161862527716185 0.0699831365935919 0.05617147080561715
0 0.022344013490725127 0.254249815225425 0.04468802698145025 0.05617147080561715
0 0.40893760539629004 0.7361419068736141 0.0581787521079258 0.04951958610495196
0 0.5564924114671164 0.7250554323725056 0.049747048903878585 0.04656319290465632
0 0.32757166947723443 0.7280118255728012 0.0657672849915683 0.04065040650406504
0 0.2618043844856661 0.7819660014781966 0.04047217537942664 0.037694013303769404