2 0.6932915057915058 0.8204347908781406 0.09604247104247099 0.1968487035341363
2 0.8588320463320464 0.6218471411997099 0.2118725868725868 0.18502386975293383
2 0.8576254826254827 0.3561361703515117 0.20270270270270263 0.3144014628884439
2 0.6237934362934363 0.355092802664935 0.24372586872586877 0.3234439828387752
2 0.36196911196911197 0.4524737867454265 0.6206563706563708 0.5307263632386785
2 0.7097007722007722 0.6221949304285688 0.07480694980694991 0.1787636636334737
2 0.5692567567567568 0.8141745847586804 0.13561776061776065 0.1690255652254245
2 0.42591698841698844 0.7633973573452815 0.1491312741312742 0.2691888631367872
2 0.20004826254826255 0.7637451465741403 0.30453667953667957 0.2657109708481981
2 0.19184362934362933 0.09251193487646689 0.20222007722007723 0.15302726069791514
1 0.15588803088803088 0.17772029594689695 0.1225868725868726 0.02573640293555847
1 0.3737934362934363 0.17806808517575584 0.12306949806949807 0.037561236716761
1 0.5982142857142857 0.18189376669320373 0.12113899613899615 0.029909873681865217
1 0.8083976833976834 0.17806808517575584 0.06756756756756754 0.026431981393276262
1 0.8979247104247104 0.18363271283749819 0.07094594594594583 0.023649667562405084
1 0.5540540540540541 0.904251995033135 0.0714285714285714 0.031996609055018645
1 0.42012548262548266 0.904947573490853 0.07191119691119696 0.027823138308711793
1 0.16795366795366795 0.904251995033135 0.12162162162162161 0.027823138308711793
0 0.31322393822393824 0.6580172210010352 0.05115830115830111 0.075122473433522
0 0.32915057915057916 0.4869049204024573 0.03667953667953672 0.075122473433522
0 0.2456563706563707 0.1965009143052774 0.05598455598455601 0.14120242691671264
0 0.5333011583011583 0.48933944500446963 0.04633204633204624 0.07581805189123976
0 0.4247104247104247 0.6628862702050597 0.05791505791505791 0.08207825801070003
0 0.47466216216216217 0.7880903925942631 0.05453667953667951 0.0653843750254728
0 0.6498552123552124 0.5748955953037586 0.0458494208494209 0.08277383646841778
0 0.7712355212355213 0.576982330676912 0.05984555984555984 0.06747111039862622
0 0.9317084942084942 0.5488114031393412 0.04391891891891886 0.07234015960265082
0 0.9336389961389961 0.7512247343352199 0.04874517374517384 0.075122473433522
0 0.7113899613899614 0.9411176532921782 0.05212355212355213 0.08625172875700672