2 0.693359375 0.8205489092188599 0.09619140625 0.19704433497536947
2 0.85888671875 0.6217452498240675 0.2119140625 0.18508092892329345
2 0.857666015625 0.35608726249120337 0.20263671875 0.31456720619282197
2 0.623779296875 0.3550316678395496 0.24365234375 0.32371569317382126
2 0.362060546875 0.4524982406755806 0.62060546875 0.5306122448979592
2 0.709716796875 0.6220971147079521 0.07470703125 0.17874736101337085
2 0.5693359375 0.8142153413089374 0.1357421875 0.1688951442646024
2 0.426025390625 0.7635467980295566 0.14892578125 0.26952850105559467
2 0.199951171875 0.7638986629134412 0.3046875 0.2660098522167488
2 0.19189453125 0.09254046446164672 0.2021484375 0.15270935960591134
1 0.156005859375 0.1776917663617171 0.12255859375 0.026038001407459536
1 0.373779296875 0.17804363124560169 0.123046875 0.03729767769176636
1 0.59814453125 0.18191414496833216 0.12109375 0.030260380014074596
1 0.808349609375 0.17804363124560169 0.0673828125 0.02674173117522871
1 0.89794921875 0.1836734693877551 0.07080078125 0.023926812104152005
1 0.553955078125 0.904292751583392 0.0712890625 0.03166783954961295
1 0.420166015625 0.9049964813511612 0.07177734375 0.028149190710767064
1 0.16796875 0.904292751583392 0.12158203125 0.028149190710767064
0 0.313232421875 0.6579873328641802 0.05126953125 0.0752990851513019
0 0.3291015625 0.48698099929627026 0.03662109375 0.0752990851513019
0 0.24560546875 0.19634060520760027 0.05615234375 0.1414496833216045
0 0.533203125 0.48944405348346237 0.04638671875 0.07600281491907107
0 0.4248046875 0.6629134412385644 0.05810546875 0.08233638282899367
0 0.474609375 0.7881773399014779 0.0546875 0.06544686840253343
0 0.64990234375 0.5749472202674173 0.0458984375 0.08304011259676285
0 0.771240234375 0.5770584095707249 0.06005859375 0.06755805770584096
0 0.931640625 0.5489092188599578 0.0439453125 0.07248416608022519
0 0.93359375 0.7512315270935961 0.048828125 0.0752990851513019
0 0.71142578125 0.9412385643912737 0.05224609375 0.08655876143560873