2 0.1679160419790105 0.78125 0.2518740629685157 0.12202380952380952
2 0.5914542728635682 0.5133928571428571 0.5547226386806596 0.6473214285714286
2 0.7998500749625187 0.44717261904761907 0.13193403298350825 0.19047619047619047
2 0.4752623688155922 0.41592261904761907 0.32233883058470764 0.20386904761904762
2 0.4737631184407796 0.19977678571428573 0.3193403298350825 0.21205357142857142
2 0.7522488755622189 0.13541666666666666 0.22263868065967016 0.08928571428571429
1 0.3028485757121439 0.3913690476190476 0.026986506746626688 0.13839285714285715
1 0.3065967016491754 0.2347470238095238 0.025487256371814093 0.13467261904761904
1 0.5577211394302849 0.8497023809523809 0.1409295352323838 0.019345238095238096
1 0.7241379310344828 0.8485863095238095 0.13043478260869565 0.026041666666666668
0 0.7106446776611695 0.43936011904761907 0.08995502248875563 0.078125
0 0.6045727136431784 0.3950892857142857 0.08470764617691154 0.06696428571428571
0 0.6101949025487257 0.2726934523809524 0.0734632683658171 0.06770833333333333
0 0.7762368815592204 0.21019345238095238 0.05472263868065967 0.06473214285714286
0 0.8778110944527736 0.22730654761904762 0.14842578710644677 0.07366071428571429
0 0.2766116941529235 0.7912946428571429 0.08995502248875563 0.08258928571428571