2 0.3136729222520107 0.8161137440758294 0.20911528150134048 0.36777251184834125
2 0.2761394101876676 0.5767772511848341 0.13203753351206435 0.15355450236966825
2 0.35757372654155495 0.24312796208530807 0.2848525469168901 0.48625592417061614
2 0.607573726541555 0.17725118483412322 0.20978552278820375 0.35450236966824644
2 0.4829088471849866 0.6872037914691943 0.2660857908847185 0.6255924170616114
0 0.38773458445040215 0.6729857819905213 0.07238605898123325 0.1014218009478673
0 0.36394101876675605 0.5644549763033175 0.05563002680965148 0.06255924170616113
0 0.6233243967828418 0.576303317535545 0.15616621983914208 0.1033175355450237
0 0.6072386058981233 0.45308056872037916 0.0596514745308311 0.061611374407582936
0 0.5821045576407506 0.4023696682464455 0.06300268096514745 0.0909952606635071
0 0.4343163538873995 0.023696682464454975 0.07104557640750671 0.04739336492890995