2 0.7798319327731092 0.14461045891141944 0.13277310924369748 0.2892209178228389
2 0.6163865546218488 0.4919957310565635 0.4336134453781513 0.3767342582710779
2 0.6945378151260504 0.8532550693703308 0.27647058823529413 0.2934898612593383
2 0.5331932773109244 0.7321237993596584 0.05042016806722689 0.060832443970117396
2 0.5373949579831933 0.7940234791889007 0.043697478991596636 0.054429028815368194
2 0.5373949579831933 0.8500533617929562 0.043697478991596636 0.04909284951974386
2 0.5331932773109244 0.9098185699039488 0.047058823529411764 0.04909284951974386
2 0.5348739495798319 0.9701173959445037 0.04453781512605042 0.05976520811099253
2 0.3861344537815126 0.848452508004269 0.2411764705882353 0.3030949839914621
1 0.842436974789916 0.6926360725720384 0.023529411764705882 0.5453575240128068
2 0.5390756302521008 0.14674493062966915 0.2915966386554622 0.2934898612593383
2 0.32899159663865546 0.07417289220917823 0.126890756302521 0.14834578441835647
2 0.32899159663865546 0.41728922091782283 0.13277310924369748 0.5218783351120597
2 0.1907563025210084 0.48772678762006405 0.12184873949579832 0.39807897545357523
0 0.25840336134453784 0.240128068303095 0.15966386554621848 0.12059765208110992
0 0.32478991596638657 0.18516542155816434 0.05378151260504202 0.08964781216648879
0 0.42773109243697477 0.25240128068303097 0.08151260504201681 0.09818569903948772
0 0.4264705882352941 0.41462113127001066 0.08907563025210084 0.09818569903948772
0 0.35714285714285715 0.647812166488794 0.07478991596638655 0.10779082177161152
0 0.28991596638655465 0.5784418356456777 0.0680672268907563 0.09498399146211313
0 0.742436974789916 0.7390608324439701 0.06722689075630252 0.128068303094984
0 0.7474789915966387 0.2502668089647812 0.06218487394957983 0.11312700106723586
1 0.6974789915966386 0.1360725720384205 0.01764705882352941 0.2710779082177161