2 0.6338400528750826 0.07397691500524659 0.25644415069398546 0.14795383001049317
2 0.6801057501652347 0.33263378803777544 0.15730337078651685 0.3462749213011542
2 0.5456047587574355 0.5634837355718783 0.43027098479841375 0.8205666316894019
2 0.361202908129544 0.07240293809024134 0.2822207534699273 0.14480587618048268
0 0.5796430931923331 0.9459601259181531 0.0713813615333774 0.1080797481636936
1 0.44976867151354927 0.9853095487932844 0.10508922670191673 0.02938090241343127
1 0.6774619960343689 0.9847848898216159 0.12954395241242564 0.030430220356768102
0 0.5006609385327164 0.487408184679958 0.05750165234633179 0.07660020986358866
0 0.49140779907468607 0.3830010493179433 0.053536021150033045 0.09653725078698845
0 0.5819563780568408 0.36935991605456453 0.05221414408460013 0.08814270724029381
0 0.6368142762723067 0.3441762854144806 0.041639127561136816 0.09024134312696747
0 0.5697290152015863 0.189401888772298 0.046265697290152015 0.08919202518363065
0 0.46860541969596825 0.11437565582371459 0.059484467944481166 0.10283315844700944
0 0.3578982154659617 0.22717733473242394 0.08658294778585592 0.1080797481636936