2 0.5624024960998439 0.7916796671866875 0.032761310452418035 0.09485179407176296
2 0.5179407176287052 0.8133125325013001 0.05117004680187209 0.04908996359854386
2 0.5202808112324493 0.7638065522620905 0.05148205928237126 0.03328133125325028
2 0.5678627145085804 0.6699947997919917 0.023088923556942254 0.02038481539261568
2 0.5675507020280811 0.7003640145605824 0.025585023400936047 0.029537181487259367
2 0.5931357254290172 0.6970358814352574 0.02059282371294846 0.05117004680187195
2 0.5435257410296412 0.7014040561622465 0.07051482059282366 0.08320332813312525
2 0.47581903276131043 0.6806032241289651 0.06302652106084244 0.04576183047321888
2 0.4862714508580343 0.7226209048361935 0.043993759750389994 0.03411336453458139
2 0.4539781591263651 0.7271970878835153 0.025585023400936047 0.03411336453458139
2 0.42230889235569424 0.69869994799792 0.04898595943837758 0.07779511180447211
2 0.5234009360374415 0.5857514300572023 0.11513260530421215 0.1439417576703068
2 0.4234009360374415 0.5435257410296411 0.0736349453978159 0.0636505460218409
2 0.4234009360374415 0.6154966198647945 0.07051482059282377 0.07363494539781594
2 0.44383775351014043 0.795423816952678 0.09204368174726985 0.09817992719708801
2 0.34430577223088926 0.7999999999999999 0.1070202808112325 0.07737909516380655
2 0.3811232449297972 0.7236609464378575 0.03525741029641183 0.061986479459178234
2 0.32636505460218407 0.724284971398856 0.06489859594383773 0.06073842953718156
2 0.33666146645865835 0.5957358294331773 0.08861154446177844 0.18554342173686944
1 0.2887675507020281 0.5776391055642226 0.0071762870514821 0.025377015080603194
1 0.43666146645865833 0.508164326573063 0.023400936037441533 0.017056682267290697
1 0.5182527301092044 0.5071242849713988 0.047425897035881404 0.014976599063962611
1 0.5814352574102964 0.5745189807592304 0.007176287051481989 0.04076963078523136
1 0.34789391575663026 0.8463858554342174 0.023088923556942254 0.01705668226729055
0 0.33681747269890794 0.4821632865314613 0.06957878315132604 0.05408216328653145
0 0.4251170046801872 0.5924076963078523 0.0177847113884555 0.03411336453458139
0 0.478003120124805 0.6394175767030681 0.025585023400936047 0.03827353094123772
0 0.5655226209048362 0.6454498179927197 0.023400936037441422 0.031201248049922043
0 0.5346333853354134 0.6716588663546542 0.02402496099843998 0.027873114924596914
0 0.5223088923556942 0.727613104524181 0.02808112324492984 0.03744149765990645
0 0.5455538221528862 0.7034841393655746 0.029641185647425905 0.02579303172126875
0 0.5918876755070203 0.7068122724908997 0.02808112324492984 0.04076963078523151
0 0.5491419656786272 0.7355174206968279 0.01747269890795633 0.021632865314612577
0 0.537597503900156 0.765470618824753 0.02808112324492984 0.02745709828393128
0 0.4831513260530421 0.7675507020280811 0.026521060842433664 0.029953198127925223
0 0.48346333853354134 0.8020800832033282 0.02402496099843998 0.026625065002600163
0 0.4294851794071763 0.7577743109724389 0.02464898595943843 0.03619344773790948
0 0.4113884555382215 0.7808632345293812 0.03837753510140407 0.03328133125324998
0 0.3734789391575663 0.7767030681227248 0.029329173166926625 0.03744149765990645
2 0.6580343213728549 0.23421736869474777 0.27519500780031203 0.31783671346853876
2 0.5867394695787832 0.23588143525741032 0.13447737909516388 0.17389495579823197
2 0.5655226209048362 0.35527821112844515 0.10327613104524169 0.06323452938117524
0 0.5790951638065522 0.28101924076963075 0.029329173166926736 0.042849713988559524
0 0.6330733229329173 0.20322412896515862 0.02059282371294846 0.03203328133125324
0 0.6351014040561622 0.26833073322932915 0.023400936037441422 0.03411336453458139
0 0.6407176287051483 0.3009880395215809 0.02776911076443067 0.024544981799272003
0 0.6271450858034321 0.35798231929277174 0.02496099843993771 0.025377015080603194
1 0.7982839313572543 0.2315132605304212 0.009048361934477445 0.05449817992719708
1 0.5131045241809672 0.2404576183047322 0.014664586583463368 0.04908996359854393
2 0.4174726989079563 0.15080603224128963 0.10795631825273011 0.14934997399895994
2 0.28549141965678626 0.14706188247529903 0.1578783151326053 0.1535101404056162
2 0.25553822152886113 0.31950078003120125 0.09921996879875195 0.1447737909516381
2 0.3480499219968799 0.30806032241289655 0.09516380655226209 0.1676547061882475
2 0.4358814352574103 0.31804472178887155 0.07425897035881435 0.1460218408736349
2 0.4187207488299532 0.2356734269370775 0.030577223088923522 0.06947477899115961
0 0.3714508580343214 0.20052002080083206 0.027145085803432112 0.02662506500260009
0 0.3811232449297972 0.23858554342173688 0.02090483619344774 0.03203328133125324
0 0.3890795631825273 0.2533541341653666 0.023712948517940702 0.03411336453458139
0 0.41029641185647425 0.2853874154966199 0.021840873634945357 0.029953198127925146
0 0.3839313572542902 0.32074882995319814 0.02152886115444619 0.029953198127925112
0 0.3486739469578783 0.2926677067082683 0.02152886115444619 0.03203328133125324
0 0.3329173166926677 0.24149765990639627 0.02121684867394691 0.03369734789391576
0 0.3107644305772231 0.2826833073322933 0.01747269890795633 0.017888715548621963
0 0.31388455538221527 0.28913156526261047 0.019344773790951675 0.02662506500260009
0 0.37550702028081123 0.37878315132605306 0.02090483619344774 0.02870514820592825
0 0.3778471138845554 0.41331253250130007 0.03182527301092042 0.0428497139885596
0 0.2625585023400936 0.2672906916276651 0.02402496099843998 0.03619344773790948
0 0.23182527301092043 0.26999479979199165 0.028081123244929784 0.030785231409256337
0 0.32433697347893914 0.06656266250650027 0.02090483619344774 0.07904316172646907
1 0.20265210608424336 0.11045241809672386 0.009672386895475837 0.05117004680187209
1 0.2410296411856474 0.06469058762350494 0.07020280811232446 0.017056682267290697
1 0.4216848673946958 0.06635465418616744 0.043369734789391545 0.010400416016640657
1 0.4410296411856474 0.3941757670306812 0.0414976599063962 0.017056682267290697
1 0.2546021840873635 0.39583983359334374 0.044929797191887694 0.020384815392615756