2 0.28125 0.5833333333333334 0.0712890625 0.043619791666666664
2 0.26513671875 0.5237630208333334 0.03662109375 0.068359375
2 0.30224609375 0.5270182291666666 0.02490234375 0.068359375
2 0.37255859375 0.5904947916666666 0.01513671875 0.030598958333333332
2 0.349609375 0.5901692708333334 0.02197265625 0.033854166666666664
2 0.352294921875 0.6240234375 0.03857421875 0.02734375
2 0.348876953125 0.5579427083333334 0.0625 0.09375
2 0.364501953125 0.4677734375 0.0341796875 0.083984375
2 0.3330078125 0.4817708333333333 0.025390625 0.05859375
2 0.32958984375 0.4384765625 0.025390625 0.033854166666666664
2 0.35107421875 0.396484375 0.05810546875 0.06510416666666667
2 0.435791015625 0.53125 0.10791015625 0.15364583333333334
2 0.46728515625 0.3977864583333333 0.0478515625 0.09830729166666667
2 0.413330078125 0.3977864583333333 0.05517578125 0.09375
2 0.2783203125 0.4251302083333333 0.07373046875 0.123046875
2 0.27490234375 0.2923177083333333 0.05810546875 0.142578125
2 0.332275390625 0.3414713541666667 0.04638671875 0.046875
2 0.331787109375 0.2685546875 0.04541015625 0.08658854166666667
2 0.42822265625 0.2822265625 0.13916015625 0.11783854166666667
1 0.441650390625 0.21842447916666666 0.01904296875 0.009765625
1 0.493896484375 0.4156901041666667 0.0126953125 0.03125
1 0.49462890625 0.5244140625 0.01123046875 0.06315104166666667
1 0.444091796875 0.6087239583333334 0.03076171875 0.009765625
1 0.240234375 0.2972005208333333 0.0126953125 0.030598958333333332
0 0.513427734375 0.2825520833333333 0.04052734375 0.09244791666666667
0 0.4306640625 0.4000651041666667 0.025390625 0.0234375
0 0.3955078125 0.470703125 0.02880859375 0.033854166666666664
0 0.390869140625 0.5872395833333334 0.0234375 0.03125
0 0.371337890625 0.5462239583333334 0.02099609375 0.031901041666666664
0 0.329345703125 0.5296223958333334 0.0283203125 0.037760416666666664
0 0.347412109375 0.5608723958333334 0.01953125 0.039713541666666664
0 0.344970703125 0.6223958333333334 0.03076171875 0.037760416666666664
0 0.3232421875 0.5654296875 0.01611328125 0.0234375
0 0.30078125 0.5501302083333334 0.0205078125 0.037760416666666664
0 0.29931640625 0.4775390625 0.0224609375 0.03515625
0 0.2734375 0.4778645833333333 0.02001953125 0.031901041666666664
0 0.306640625 0.4059244791666667 0.02734375 0.032552083333333336
0 0.289306640625 0.3818359375 0.02490234375 0.051432291666666664
0 0.29248046875 0.3313802083333333 0.0283203125 0.0390625
2 0.69921875 0.7106119791666666 0.23828125 0.3671875
2 0.697998046875 0.6155598958333334 0.13037109375 0.17903645833333334
2 0.608642578125 0.5872395833333334 0.04736328125 0.13802083333333334
0 0.664306640625 0.60546875 0.0322265625 0.0390625
0 0.72265625 0.6774088541666666 0.02392578125 0.02734375
0 0.673828125 0.6800130208333334 0.025390625 0.03125
0 0.649169921875 0.6875 0.0185546875 0.037109375
0 0.6064453125 0.6695963541666666 0.01904296875 0.033203125
1 0.701416015625 0.8977864583333334 0.041015625 0.012369791666666666
1 0.694580078125 0.517578125 0.03662109375 0.01953125
2 0.761962890625 0.3899739583333333 0.11181640625 0.14388020833333334
2 0.7646484375 0.2138671875 0.115234375 0.21028645833333334
2 0.63525390625 0.17415364583333334 0.1083984375 0.13216145833333334
2 0.64404296875 0.2975260416666667 0.1259765625 0.126953125
2 0.636474609375 0.4143880208333333 0.109375 0.09895833333333333
2 0.6982421875 0.3916015625 0.05224609375 0.041015625
0 0.724609375 0.3284505208333333 0.02001953125 0.036458333333333336
0 0.696044921875 0.3414713541666667 0.02392578125 0.027994791666666668
0 0.68505859375 0.3522135416666667 0.025390625 0.031901041666666664
0 0.660888671875 0.3805338541666667 0.0224609375 0.029296875
0 0.634521484375 0.3453776041666667 0.0224609375 0.028645833333333332
0 0.655517578125 0.2981770833333333 0.02392578125 0.028645833333333332
0 0.69384765625 0.27734375 0.025390625 0.027994791666666668
0 0.6630859375 0.24772135416666666 0.01318359375 0.0234375
0 0.658203125 0.251953125 0.02001953125 0.026041666666666668
0 0.5908203125 0.333984375 0.021484375 0.027994791666666668
0 0.56494140625 0.3372395833333333 0.0322265625 0.042317708333333336
0 0.674560546875 0.18326822916666666 0.02734375 0.031901041666666664
0 0.672607421875 0.142578125 0.02294921875 0.037760416666666664
0 0.8251953125 0.265625 0.05908203125 0.027994791666666668
1 0.792236328125 0.103515625 0.03857421875 0.013020833333333334
1 0.826416015625 0.15462239583333334 0.0126953125 0.09375
1 0.8251953125 0.3955078125 0.0078125 0.057942708333333336
1 0.579345703125 0.4212239583333333 0.0126953125 0.055338541666666664
1 0.578125 0.1728515625 0.01513671875 0.059895833333333336