2 0.71875 0.4166666666666667 0.0712890625 0.043619791666666664
2 0.73486328125 0.4762369791666667 0.03662109375 0.068359375
2 0.69775390625 0.4729817708333333 0.02490234375 0.068359375
2 0.62744140625 0.4095052083333333 0.01513671875 0.030598958333333332
2 0.650390625 0.4098307291666667 0.02197265625 0.033854166666666664
2 0.647705078125 0.3759765625 0.03857421875 0.02734375
2 0.651123046875 0.4420572916666667 0.0625 0.09375
2 0.635498046875 0.5322265625 0.0341796875 0.083984375
2 0.6669921875 0.5182291666666666 0.025390625 0.05859375
2 0.67041015625 0.5615234375 0.025390625 0.033854166666666664
2 0.64892578125 0.603515625 0.05810546875 0.06510416666666667
2 0.564208984375 0.46875 0.10791015625 0.15364583333333334
2 0.53271484375 0.6022135416666666 0.0478515625 0.09830729166666667
2 0.586669921875 0.6022135416666666 0.05517578125 0.09375
2 0.7216796875 0.5748697916666666 0.07373046875 0.123046875
2 0.72509765625 0.7076822916666666 0.05810546875 0.142578125
2 0.667724609375 0.6585286458333334 0.04638671875 0.046875
2 0.668212890625 0.7314453125 0.04541015625 0.08658854166666667
2 0.57177734375 0.7177734375 0.13916015625 0.11783854166666667
1 0.558349609375 0.7815755208333334 0.01904296875 0.009765625
1 0.506103515625 0.5843098958333334 0.0126953125 0.03125
1 0.50537109375 0.4755859375 0.01123046875 0.06315104166666667
1 0.555908203125 0.3912760416666667 0.03076171875 0.009765625
1 0.759765625 0.7027994791666666 0.0126953125 0.030598958333333332
0 0.486572265625 0.7174479166666666 0.04052734375 0.09244791666666667
0 0.5693359375 0.5999348958333334 0.025390625 0.0234375
0 0.6044921875 0.529296875 0.02880859375 0.033854166666666664
0 0.609130859375 0.4127604166666667 0.0234375 0.03125
0 0.628662109375 0.4537760416666667 0.02099609375 0.031901041666666664
0 0.670654296875 0.4703776041666667 0.0283203125 0.037760416666666664
0 0.652587890625 0.4391276041666667 0.01953125 0.039713541666666664
0 0.655029296875 0.3776041666666667 0.03076171875 0.037760416666666664
0 0.6767578125 0.4345703125 0.01611328125 0.0234375
0 0.69921875 0.4498697916666667 0.0205078125 0.037760416666666664
0 0.70068359375 0.5224609375 0.0224609375 0.03515625
0 0.7265625 0.5221354166666666 0.02001953125 0.031901041666666664
0 0.693359375 0.5940755208333334 0.02734375 0.032552083333333336
0 0.710693359375 0.6181640625 0.02490234375 0.051432291666666664
0 0.70751953125 0.6686197916666666 0.0283203125 0.0390625
2 0.30078125 0.2893880208333333 0.23828125 0.3671875
2 0.302001953125 0.3844401041666667 0.13037109375 0.17903645833333334
2 0.391357421875 0.4127604166666667 0.04736328125 0.13802083333333334
0 0.335693359375 0.39453125 0.0322265625 0.0390625
0 0.27734375 0.3225911458333333 0.02392578125 0.02734375
0 0.326171875 0.3199869791666667 0.025390625 0.03125
0 0.350830078125 0.3125 0.0185546875 0.037109375
0 0.3935546875 0.3304036458333333 0.01904296875 0.033203125
1 0.298583984375 0.10221354166666667 0.041015625 0.012369791666666666
1 0.305419921875 0.482421875 0.03662109375 0.01953125
2 0.238037109375 0.6100260416666666 0.11181640625 0.14388020833333334
2 0.2353515625 0.7861328125 0.115234375 0.21028645833333334
2 0.36474609375 0.8258463541666666 0.1083984375 0.13216145833333334
2 0.35595703125 0.7024739583333334 0.1259765625 0.126953125
2 0.363525390625 0.5856119791666666 0.109375 0.09895833333333333
2 0.3017578125 0.6083984375 0.05224609375 0.041015625
0 0.275390625 0.6715494791666666 0.02001953125 0.036458333333333336
0 0.303955078125 0.6585286458333334 0.02392578125 0.027994791666666668
0 0.31494140625 0.6477864583333334 0.025390625 0.031901041666666664
0 0.339111328125 0.6194661458333334 0.0224609375 0.029296875
0 0.365478515625 0.6546223958333334 0.0224609375 0.028645833333333332
0 0.344482421875 0.7018229166666666 0.02392578125 0.028645833333333332
0 0.30615234375 0.72265625 0.025390625 0.027994791666666668
0 0.3369140625 0.7522786458333334 0.01318359375 0.0234375
0 0.341796875 0.748046875 0.02001953125 0.026041666666666668
0 0.4091796875 0.666015625 0.021484375 0.027994791666666668
0 0.43505859375 0.6627604166666666 0.0322265625 0.042317708333333336
0 0.325439453125 0.8167317708333334 0.02734375 0.031901041666666664
0 0.327392578125 0.857421875 0.02294921875 0.037760416666666664
0 0.1748046875 0.734375 0.05908203125 0.027994791666666668
1 0.207763671875 0.896484375 0.03857421875 0.013020833333333334
1 0.173583984375 0.8453776041666666 0.0126953125 0.09375
1 0.1748046875 0.6044921875 0.0078125 0.057942708333333336
1 0.420654296875 0.5787760416666666 0.0126953125 0.055338541666666664
1 0.421875 0.8271484375 0.01513671875 0.059895833333333336