2 0.22441430332922319 0.6918382913806255 0.16337854500616522 0.18688024408848208
2 0.2644882860665845 0.8928299008390541 0.23921085080147966 0.2143401983218917
2 0.44543773119605423 0.43859649122807015 0.6054254007398274 0.6842105263157895
2 0.5160295930949446 0.19260106788710907 0.2120838471023428 0.38520213577421814
2 0.25462392108508014 0.03279938977879481 0.25524044389642414 0.06559877955758962
2 0.5280517879161529 0.496186117467582 0.2281134401972873 0.18001525553012968
2 0.658138101109741 0.889397406559878 0.17447595561035759 0.2212051868802441
0 0.3714549938347719 0.3108314263920671 0.08384710234278668 0.08695652173913043
0 0.34217016029593095 0.05339435545385202 0.06535141800246609 0.10678871090770405
1 0.22318125770653513 0.08810068649885583 0.17324290998766953 0.036613272311212815
0 0.4861282367447596 0.36193745232646835 0.05672009864364982 0.10678871090770405
0 0.33908754623921084 0.6712433257055682 0.06350184956843404 0.05568268497330282
0 0.34956843403205917 0.8058733790999237 0.05363748458692972 0.08390541571319603
0 0.47780517879161527 0.7448512585812357 0.059802712700369916 0.08695652173913043
0 0.6624537607891492 0.8073989321128909 0.05055487053020962 0.07475209763539283
0 0.7549321824907521 0.7112890922959573 0.1282367447595561 0.06864988558352403