2 0.4326368876080692 0.28027522935779814 0.46469740634005763 0.5605504587155963
2 0.25756484149855907 0.47293577981651375 0.12463976945244956 0.16422018348623854
2 0.4477665706051873 0.5022935779816514 0.08429394812680115 0.11834862385321102
2 0.49855907780979825 0.5266055045871559 0.05763688760806916 0.07155963302752294
2 0.7179394812680115 0.3894495412844037 0.09005763688760807 0.10917431192660551
2 0.36203170028818443 0.7798165137614679 0.3249279538904899 0.44036697247706424
0 0.348342939481268 0.4743119266055046 0.07276657060518732 0.07706422018348624
0 0.38760806916426516 0.505045871559633 0.06340057636887608 0.06880733944954129
0 0.36779538904899134 0.6013761467889909 0.07564841498559077 0.0963302752293578
0 0.8043948126801153 0.3926605504587156 0.09726224783861671 0.08807339449541285
0 0.6368876080691642 0.3940366972477064 0.09077809798270893 0.0908256880733945