2 0.12137862137862138 0.6725 0.24275724275724275 0.3383333333333333
2 0.08891108891108891 0.42083333333333334 0.17782217782217782 0.135
2 0.9765234765234765 0.30541666666666667 0.04695304695304695 0.36583333333333334
2 0.8851148851148851 0.6670833333333334 0.22977022977022976 0.3475
2 0.5964035964035964 0.48291666666666666 0.6803196803196803 0.7083333333333334
2 0.3931068931068931 0.17291666666666666 0.15984015984015984 0.09333333333333334
1 0.9405594405594405 0.24208333333333334 0.015984015984015984 0.20666666666666667
0 0.2057942057942058 0.42916666666666664 0.09290709290709291 0.0625
0 0.38461538461538464 0.25 0.06693306693306693 0.0725
0 0.34565434565434566 0.30541666666666667 0.0989010989010989 0.08666666666666667
0 0.8381618381618382 0.525 0.08691308691308691 0.06583333333333333
0 0.9605394605394605 0.43875 0.07892107892107893 0.09083333333333334
1 0.6293706293706294 0.8416666666666667 0.1088911088911089 0.015833333333333335
1 0.3711288711288711 0.8445833333333334 0.11188811188811189 0.02