1 0.8885832187070152 0.1669123065585851 0.018569463548830812 0.1400147383935151
1 0.8861760660247593 0.6514369933677229 0.017881705639614855 0.15401621223286663
1 0.8878954607977991 0.9038319823139278 0.01581843191196699 0.10906411201179071
1 0.14614855570839064 0.8581429624170965 0.024759284731774415 0.1503316138540899
1 0.1451169188445667 0.6153279292557111 0.018569463548830812 0.14959469417833457
1 0.14614855570839064 0.3865143699336772 0.01925722145804677 0.14296241709653648
1 0.1451169188445667 0.11274871039056743 0.021320495185694635 0.13927781871775977
2 0.6444291609353507 0.7582903463522476 0.4793672627235213 0.45025792188651437
2 0.2740715268225585 0.8489314664701547 0.24346629986244842 0.2630803242446573
2 0.2768225584594223 0.6226971260132645 0.24209078404401652 0.16728076639646278
2 0.27613480055020634 0.3916728076639646 0.24484181568088034 0.16654384672070743
2 0.2751031636863824 0.11643330876934414 0.23865199449793673 0.17759764185703758
2 0.19291609353507566 0.2571849668386146 0.07702888583218707 0.07885040530582167
2 0.5594910591471802 0.16396462785556373 0.6327372764786795 0.26529108327192336
2 0.45495185694635487 0.38614591009579957 0.09628610729023383 0.1746499631540162
2 0.5522696011004127 0.39240972733971996 0.0873452544704264 0.16507000736919675
2 0.6626547455295736 0.3883566691230656 0.10866574965612105 0.17022844509948415
2 0.8043328748280605 0.393515106853353 0.15543328748280605 0.16138540899042003
0 0.7630674002751031 0.2715549005158438 0.06052269601100413 0.06927044952100221
0 0.7383081155433288 0.38061901252763447 0.06464924346629987 0.06927044952100221
0 0.5378266850068776 0.2792925571112749 0.057083906464924346 0.07148120854826824
0 0.375171939477304 0.38761974944731026 0.05639614855570839 0.05969049373618276
0 0.35213204951856947 0.32792925571112747 0.05570839064649243 0.07000736919675755
0 0.37448418156808805 0.17428150331613854 0.0687757909215956 0.06632277081798084
0 0.21011004126547456 0.2527634487840825 0.0577716643741403 0.06263817243920412
0 0.12070151306740028 0.25386882829771557 0.07565337001375516 0.06190125276344879
0 0.37620357634112794 0.6742815033161386 0.07083906464924347 0.047899778924097275
0 0.374828060522696 0.7759764185703758 0.05983493810178817 0.061164333087693444
0 0.43191196698762035 0.8426676492262344 0.0405777166437414 0.0604274134119381
0 0.5127235213204951 0.8437730287398674 0.05639614855570839 0.07885040530582167
0 0.9160935350756534 0.7815033161385408 0.07771664374140302 0.06190125276344879