2 0.49207354488618577 0.09682399647110719 0.9538656408562985 0.19276576973974416
2 0.12869615789331015 0.25121305690339657 0.1791652394200984 0.07984119982355534
2 0.3766255208936576 0.3034847816497574 0.27379476728282653 0.20732245258050286
2 0.6100450229550535 0.4325099250110278 0.722969592871242 0.4424349360388178
2 0.7778547190316245 0.5546978385531539 0.34445148142033 0.20247022496691658
2 0.20061459906898346 0.574547860608734 0.3482366625348392 0.1601235112483459
2 0.13121961196964954 0.4711071901191001 0.19682941795447434 0.04411116012351124
2 0.5069832402234636 0.829345703125 0.9860335195530726 0.34130859375
2 0.88383979023788 0.9247904719894133 0.20566150722166218 0.15041905602117334
1 0.3993366075807124 0.2007057785619762 0.19052078276362575 0.013233348037053394
1 0.7728078108789457 0.19916188795765327 0.21827877760335931 0.020732245258050286
1 0.18105782997735298 0.19761799735333038 0.03154317595424267 0.010586678429642726
1 0.7027819602605269 0.659020732245258 0.19430596387813495 0.014997794441993895
1 0.19746028147355915 0.6594618438464932 0.1879973286872864 0.02029113365681523
0 0.745680679558297 0.9505955006616674 0.15140724458036486 0.03881782090868979
0 0.44728223503116116 0.6795324217026908 0.10724679824442514 0.04984561093956774
0 0.43592669168763387 0.6310101455668284 0.11734061454978277 0.04278782531980596
0 0.3223712582523602 0.549183943537715 0.08705916563370976 0.029995588883987567
0 0.6428499259474658 0.5240405822673136 0.10472334416808574 0.0352889280988089
0 0.18421214757277726 0.429422143802382 0.11103197935893425 0.0330833700926334
0 0.25928490634387485 0.46801940891045435 0.07696534932835217 0.024702249669166343
0 0.41132301444332453 0.4239082487869431 0.11103197935893425 0.03793559770621968
0 0.611937613512308 0.2007057785619762 0.11103197935893425 0.08204675782973092
0 0.18547387461094697 0.30502867225408026 0.08832089267187951 0.03661226290251429