2 0.88268156424581 0.45654296875 0.2346368715083799 0.095703125
2 0.5300279329608939 0.53857421875 0.9399441340782123 0.2529296875
2 0.3435754189944134 0.59716796875 0.5796089385474861 0.12060546875
2 0.28701117318435754 0.395263671875 0.4581005586592179 0.12158203125
2 0.5824022346368715 0.37109375 0.12569832402234637 0.06884765625
1 0.04539106145251397 0.57080078125 0.04329608938547486 0.06787109375
1 0.04399441340782123 0.394287109375 0.05865921787709497 0.06591796875
0 0.02863128491620112 0.481689453125 0.05726256983240224 0.03759765625
0 0.125 0.4775390625 0.12290502793296089 0.041015625
0 0.35963687150837986 0.43798828125 0.08519553072625698 0.0302734375
0 0.43156424581005587 0.550048828125 0.1005586592178771 0.03662109375
0 0.7018156424581006 0.3896484375 0.09497206703910614 0.03857421875
0 0.5914804469273743 0.415771484375 0.0712290502793296 0.02685546875
0 0.7178770949720671 0.468994140625 0.10893854748603352 0.03857421875