2 0.49231843575418993 0.096923828125 0.9539106145251397 0.19287109375
2 0.12849162011173185 0.251220703125 0.1787709497206704 0.080078125
2 0.37639664804469275 0.303466796875 0.2737430167597765 0.20751953125
2 0.6103351955307262 0.4326171875 0.723463687150838 0.4423828125
2 0.7779329608938548 0.5546875 0.34497206703910616 0.20263671875
2 0.20041899441340782 0.574462890625 0.3477653631284916 0.16015625
2 0.13128491620111732 0.47119140625 0.19692737430167598 0.0439453125
2 0.5069832402234636 0.829345703125 0.9860335195530726 0.34130859375
2 0.8840782122905028 0.9248046875 0.2053072625698324 0.150390625
1 0.3994413407821229 0.20068359375 0.18994413407821228 0.01318359375
1 0.7730446927374302 0.19921875 0.21787709497206703 0.0205078125
1 0.1808659217877095 0.197509765625 0.03212290502793296 0.0107421875
1 0.702513966480447 0.658935546875 0.1941340782122905 0.01513671875
1 0.19762569832402235 0.659423828125 0.18854748603351956 0.0205078125
0 0.7458100558659218 0.95068359375 0.15083798882681565 0.03857421875
0 0.4476256983240223 0.679443359375 0.10754189944134078 0.0498046875
0 0.43575418994413406 0.631103515625 0.11731843575418995 0.04296875
0 0.3226256983240223 0.549072265625 0.08659217877094973 0.02978515625
0 0.6431564245810056 0.52392578125 0.10474860335195531 0.03515625
0 0.18435754189944134 0.429443359375 0.11033519553072625 0.033203125
0 0.2590782122905028 0.468017578125 0.07681564245810056 0.02490234375
0 0.41131284916201116 0.423828125 0.11033519553072625 0.0380859375
0 0.611731843575419 0.20068359375 0.11033519553072625 0.08203125
0 0.1857541899441341 0.304931640625 0.08798882681564246 0.03662109375