2 0.5703605980650835 0.14578454332552693 0.37906772207563766 0.29156908665105385
2 0.3131046613896218 0.08138173302107728 0.12313104661389622 0.16276346604215455
2 0.31926121372031663 0.23711943793911008 0.11873350923482849 0.11475409836065574
2 0.5131926121372031 0.6586651053864169 0.5074758135444152 0.6826697892271663
2 0.45030782761653476 0.9285714285714286 0.13192612137203166 0.14285714285714285
2 0.6459982409850483 0.8729508196721312 0.24010554089709762 0.2540983606557377
0 0.4916446789797713 0.8032786885245902 0.0712401055408971 0.09016393442622951
0 0.42963940193491645 0.8179156908665105 0.07387862796833773 0.08430913348946135
0 0.2647317502198769 0.9713114754098361 0.16358839050131926 0.05737704918032787
0 0.47537379067722074 0.3524590163934426 0.07211961301671065 0.10655737704918032
0 0.40369393139841686 0.2382903981264637 0.07651715039577836 0.07259953161592506
0 0.40325417766051014 0.117096018735363 0.07036059806508356 0.07611241217798595