2 0.4978241949521323 0.20847851335656215 0.4194952132288947 0.39372822299651566
2 0.20583115752828546 0.2073170731707317 0.11575282854656223 0.39372822299651566
2 0.37162750217580504 0.5284552845528455 0.16884247171453437 0.2183507549361208
2 0.5182767624020888 0.5290360046457607 0.12619669277632725 0.22415795586527293
2 0.6466492602262838 0.5807200929152149 0.12358572671888599 0.3228803716608595
2 0.6470844212358573 0.8763066202090593 0.11575282854656223 0.23809523809523808
2 0.43385552654482157 0.8182346109175378 0.3020017406440383 0.3426248548199768
1 0.2724107919930374 0.8199767711962834 0.0278503046127067 0.19279907084785133
1 0.27371627502175805 0.5168408826945412 0.025239338555265448 0.08826945412311266
1 0.2750217580504787 0.16492450638792103 0.024369016536118365 0.1997677119628339
0 0.23890339425587467 0.32171893147502906 0.09660574412532637 0.0975609756097561
0 0.37684943429068757 0.37572590011614404 0.060922541340295906 0.08478513356562137
0 0.6318537859007833 0.36875725900116146 0.07136640557006092 0.11498257839721254
0 0.7145343777197564 0.4819976771196283 0.1462140992167102 0.0975609756097561
0 0.61792863359443 0.5023228803716608 0.0731070496083551 0.09639953542392567
0 0.5552654482158399 0.7015098722415796 0.0835509138381201 0.10452961672473868
0 0.6375108790252393 0.7183507549361208 0.04960835509138381 0.07781649245063879