2 0.22705078125 0.2918054630246502 0.3671875 0.3937375083277815
2 0.10986328125 0.41305796135909395 0.13427734375 0.14457028647568287
2 0.111083984375 0.619586942038641 0.134765625 0.27714856762158563
2 0.375 0.16855429713524317 0.087890625 0.15123251165889406
2 0.239990234375 0.6165889407061959 0.1064453125 0.27115256495669554
2 0.28466796875 0.7498334443704198 0.0673828125 0.12391738840772819
2 0.212890625 0.8574283810792804 0.1357421875 0.16455696202531644
2 0.30712890625 0.8724183877415057 0.05078125 0.12125249833444371
2 0.370849609375 0.8807461692205196 0.0751953125 0.10126582278481013
2 0.364013671875 0.770819453697535 0.091796875 0.1105929380413058
2 0.30078125 0.5266489007328448 0.0703125 0.0866089273817455
2 0.3525390625 0.6042638241172552 0.103515625 0.229180546302465
2 0.44580078125 0.6055962691538974 0.05517578125 0.27181878747501664
2 0.6416015625 0.18554297135243172 0.14306640625 0.1838774150566289
2 0.62451171875 0.38907395069953365 0.11376953125 0.21319120586275817
2 0.711181640625 0.45069953364423715 0.06103515625 0.07395069953364423
2 0.760986328125 0.38241172551632246 0.154296875 0.20186542305129915
2 0.887451171875 0.37175216522318455 0.09326171875 0.23251165889407063
2 0.896240234375 0.1675549633577615 0.087890625 0.1492338441039307
2 0.774169921875 0.19153897401732178 0.130859375 0.18187874750166555
2 0.70751953125 0.45169886742171883 0.06396484375 0.08461025982678215
2 0.76806640625 0.4943371085942705 0.03759765625 0.14723517654896737
0 0.336669921875 0.15722851432378415 0.03955078125 0.038640906062624915
0 0.337158203125 0.19520319786808793 0.04296875 0.03930712858094604
0 0.1640625 0.3764157228514324 0.03369140625 0.04596935376415723
0 0.162353515625 0.5706195869420386 0.04052734375 0.04596935376415723
0 0.267333984375 0.6708860759493671 0.03173828125 0.056628914057295136
0 0.213623046875 0.7908061292471685 0.03515625 0.06329113924050633
0 0.2626953125 0.8790806129247168 0.05517578125 0.04397068620919387
0 0.369140625 0.6932045303131246 0.03662109375 0.051299133910726186
0 0.42919921875 0.6822118587608261 0.044921875 0.049966688874083946
0 0.3857421875 0.8067954696868754 0.03173828125 0.04330446369087275
0 0.308837890625 0.6239173884077281 0.0390625 0.04330446369087275
0 0.663818359375 0.31279147235176546 0.04150390625 0.0519653564290473
0 0.68798828125 0.24816788807461693 0.044921875 0.0626249167221852
0 0.726318359375 0.2475016655562958 0.03515625 0.051299133910726186
0 0.724853515625 0.3887408394403731 0.03955078125 0.0519653564290473
0 0.85888671875 0.1965356429047302 0.0478515625 0.04463690872751499
1 0.615478515625 0.0966022651565623 0.0390625 0.023984010659560292
1 0.65380859375 0.09560293137908062 0.03515625 0.013324450366422385
1 0.759033203125 0.09960026648900733 0.0361328125 0.017321785476349102
1 0.79736328125 0.09760159893404396 0.0380859375 0.011325782811459028
1 0.94091796875 0.3134576948700866 0.0107421875 0.05862758161225849
1 0.938720703125 0.36742171885409725 0.0078125 0.05329780146568954
1 0.887939453125 0.24950033311125916 0.04052734375 0.019320453031312457
1 0.5654296875 0.39473684210526316 0.01220703125 0.06928714190539641
1 0.566162109375 0.20752831445702866 0.0107421875 0.05596269153897402
1 0.413818359375 0.31212524983344436 0.00927734375 0.04463690872751499
1 0.412841796875 0.3694203864090606 0.01416015625 0.04930046635576282
1 0.042236328125 0.2088607594936709 0.01416015625 0.051299133910726186
1 0.09130859375 0.09726848767488341 0.04052734375 0.018654230512991338
1 0.13037109375 0.09726848767488341 0.03662109375 0.016655562958027982
1 0.2333984375 0.09760159893404396 0.04150390625 0.019320453031312457
1 0.273193359375 0.09860093271152565 0.041015625 0.021319120586275817
1 0.04296875 0.39706862091938705 0.01123046875 0.0626249167221852
1 0.043212890625 0.6155896069287142 0.017578125 0.0519653564290473
1 0.042724609375 0.6735509660226515 0.01220703125 0.051299133910726186
1 0.11279296875 0.7688207861425717 0.0380859375 0.023317788141239172
1 0.4130859375 0.8720852764823451 0.0146484375 0.051299133910726186
1 0.410888671875 0.7691538974017322 0.0205078125 0.05329780146568954
1 0.41455078125 0.5739506995336442 0.0146484375 0.05463024650233178
1 0.26416015625 0.7938041305796136 0.015625 0.02531645569620253