2 0.347412109375 0.8107928047968022 0.28857421875 0.37841439040639574
2 0.436279296875 0.9703530979347101 0.10595703125 0.059293804130579615
2 0.58740234375 0.9693537641572285 0.203125 0.06129247168554297
2 0.257080078125 0.6705529646902065 0.11083984375 0.11992005329780146
2 0.58544921875 0.854763491005996 0.19873046875 0.145236508994004
2 0.68310546875 0.7938041305796136 0.0908203125 0.09193870752831446
2 0.761962890625 0.8917388407728182 0.12060546875 0.18520986009327114
2 0.77294921875 0.7631578947368421 0.0888671875 0.06928714190539641
2 0.779052734375 0.676215856095936 0.07421875 0.10259826782145237
2 0.698486328125 0.6855429713524317 0.0810546875 0.1252498334443704
2 0.51953125 0.7718187874750166 0.0634765625 0.09593604263824117
2 0.576416015625 0.701199200532978 0.16796875 0.14123917388407728
2 0.577392578125 0.5739506995336442 0.19921875 0.07528314457028648
2 0.26953125 0.30679546968687543 0.134765625 0.19520319786808793
2 0.418701171875 0.33011325782811457 0.15625 0.1552298467688208
2 0.4638671875 0.21185876082611593 0.05419921875 0.0832778147901399
2 0.413818359375 0.14390406395736177 0.14794921875 0.21052631578947367
2 0.406005859375 0.017321785476349102 0.17041015625 0.034643570952698204
2 0.27392578125 0.12591605596269154 0.13330078125 0.17854763491005995
2 0.464599609375 0.2168554297135243 0.06201171875 0.08727514990006663
2 0.495849609375 0.13424383744170554 0.10791015625 0.051299133910726186
0 0.248779296875 0.7228514323784144 0.0283203125 0.05396402398401066
0 0.276611328125 0.7221852098600933 0.02880859375 0.05862758161225849
0 0.409423828125 0.9583610926049301 0.03369140625 0.04596935376415723
0 0.5517578125 0.960692871419054 0.03369140625 0.0552964690206529
0 0.625244140625 0.8174550299800133 0.04150390625 0.04330446369087275
0 0.713134765625 0.8907395069953364 0.04638671875 0.047968021319120584
0 0.77783203125 0.823784143904064 0.0322265625 0.07528314457028648
0 0.6416015625 0.67854763491006 0.03759765625 0.049966688874083946
0 0.633544921875 0.5966022651565623 0.03662109375 0.06129247168554297
0 0.724853515625 0.655896069287142 0.03173828125 0.04330446369087275
0 0.5908203125 0.7608261159227182 0.03173828125 0.05329780146568954
0 0.36279296875 0.27648234510326447 0.0380859375 0.056628914057295136
0 0.3154296875 0.2435043304463691 0.0458984375 0.06129247168554297
0 0.31494140625 0.19120586275816123 0.03759765625 0.047968021319120584
0 0.41845703125 0.1932045303131246 0.0380859375 0.05396402398401066
0 0.277587890625 0.021319120586275817 0.03271484375 0.04263824117255163
1 0.204345703125 0.34243837441705527 0.017578125 0.05329780146568954
1 0.20361328125 0.29013990672884743 0.009765625 0.047968021319120584
1 0.20654296875 0.14656895403064624 0.0126953125 0.04930046635576282
1 0.205078125 0.09427048634243837 0.00830078125 0.0519653564290473
1 0.4228515625 0.41072618254497 0.05078125 0.016655562958027982
1 0.28564453125 0.4097268487674883 0.041015625 0.014656895403064623
1 0.3623046875 0.6175882744836776 0.03271484375 0.012658227848101266
1 0.404296875 0.6189207195203198 0.0361328125 0.019320453031312457
1 0.204833984375 0.9896735509660226 0.01220703125 0.020652898067954697
1 0.205078125 0.8637574950033311 0.01416015625 0.056628914057295136
1 0.205810546875 0.8094603597601598 0.015625 0.05596269153897402
1 0.772705078125 0.6185876082611592 0.03759765625 0.019986675549633577
1 0.697265625 0.6215856095936043 0.0390625 0.02798134576948701
1 0.55419921875 0.6165889407061959 0.0400390625 0.019986675549633577
1 0.71533203125 0.8217854763491006 0.0185546875 0.021319120586275817