2 0.2271062271062271 0.29187672198997977 0.367032967032967 0.3938336591234659
2 0.10989010989010989 0.4130755320628738 0.13406593406593403 0.14443899427243861
2 0.11098901098901098 0.61973824532119 0.13479853479853476 0.27688305476446723
2 0.3750915750915751 0.16842886183325892 0.08791208791208793 0.1509362500701608
2 0.23992673992673993 0.6167395118760876 0.10622710622710624 0.2708855878742621
2 0.2846153846153846 0.7496833612756332 0.06739926739926738 0.12394764906423787
2 0.213003663003663 0.8573878708455657 0.13589743589743591 0.16443055057312222
2 0.30714285714285716 0.8723815380710783 0.05091575091575096 0.12144870452665243
2 0.3708791208791209 0.8806280550451104 0.07509157509157505 0.10095735931845187
2 0.3641025641025641 0.7709243898451094 0.09157509157509158 0.11045334856127652
2 0.3007326007326007 0.526527614069253 0.0703296703296703 0.08646348100045635
2 0.3525641025641026 0.6042447891881603 0.10366300366300363 0.22890331964282665
2 0.4457875457875458 0.6057441559107115 0.05494505494505497 0.2718851656892962
2 0.6415750915750916 0.1854216846888399 0.14322344322344316 0.1839223179662887
2 0.6245421245421245 0.38908566450205356 0.1135531135531136 0.21340986350979688
2 0.7111721611721612 0.45080959458041403 0.06117216117216118 0.07396875831252918
2 0.760989010989011 0.38233851425057286 0.1542124542124541 0.20191471863690388
2 0.8875457875457875 0.37159305273895543 0.09304029304029315 0.23240184199544622
2 0.8963369963369964 0.1674292840182247 0.08791208791208782 0.14893709444009243
2 0.7741758241758242 0.191419151579045 0.13076923076923075 0.18192316233622025
2 0.7075091575091575 0.45155927794168965 0.0641025641025641 0.084464325370388
2 0.7681318681318682 0.49429122953440074 0.03736263736263745 0.146937938810024
0 0.33663003663003666 0.15718361141412437 0.03956043956043953 0.038483745878815825
0 0.3371794871794872 0.19516756838542312 0.042857142857142816 0.03948332369385002
0 0.1641025641025641 0.37634104736036783 0.03369963369963369 0.04598057949157215
0 0.16227106227106228 0.5707589323845154 0.040293040293040316 0.04598057949157215
0 0.2673992673992674 0.6709666083416915 0.0315018315018315 0.05647614654943098
0 0.21355311355311354 0.790915946145793 0.03516483516483515 0.06347319125467035
0 0.26263736263736265 0.8791286883225591 0.05494505494505497 0.04398142386150396
0 0.36923076923076925 0.6932072147262021 0.03663003663003661 0.050978468566743096
0 0.4291208791208791 0.6822118587608261 0.045054945054945006 0.04997889075170892
0 0.38571428571428573 0.8066592967325812 0.0315018315018315 0.042981846046469784
0 0.3087912087912088 0.6239864510350852 0.0388278388278388 0.043481634953986714
0 0.6639194139194139 0.3128678561056975 0.04139194139194147 0.05197804638177727
0 0.6880952380952381 0.24814519258223455 0.04505494505494512 0.062473613439636096
0 0.7263736263736263 0.2473955092209589 0.03516483516483526 0.05097846856674302
0 0.7249084249084249 0.388835770048295 0.03956043956043964 0.05197804638177719
0 0.8587912087912087 0.1966669351079744 0.04798534798534804 0.04448121276902089
1 0.6153846153846154 0.09645925915079813 0.03882783882783891 0.02398986756082025
1 0.6538461538461539 0.0957095757895225 0.03516483516483526 0.013494300502961385
1 0.7589743589743589 0.0997078870496592 0.03589743589743599 0.017492611763098118
1 0.7974358974358975 0.09770873141959084 0.03809523809523818 0.011495144872893038
1 0.9408424908424908 0.3136175394669732 0.010622710622710585 0.0584753021794994
1 0.9386446886446886 0.3673448470250602 0.007692307692307665 0.05297762419681137
1 0.8879120879120879 0.2496445593047858 0.04029304029304037 0.019491767393166468
1 0.5653846153846154 0.39483323693850014 0.012087912087912045 0.0689708692373583
1 0.5661172161172161 0.2074123966195918 0.010622710622710585 0.055976357641913964
1 0.4137362637362637 0.3121181727444219 0.009157509157509125 0.04448121276902089
1 0.4128205128205128 0.36934400265512857 0.01391941391941387 0.04897931293667467
1 0.04230769230769231 0.2089117633421431 0.01428571428571429 0.05097846856674302
1 0.0912087912087912 0.09720894251207375 0.04029304029304029 0.018492189578132295
1 0.1304029304029304 0.09720894251207375 0.036630036630036625 0.016493033948063944
1 0.23351648351648352 0.09770873141959084 0.041391941391941384 0.019491767393166468
1 0.27326007326007323 0.09870830923462504 0.04102564102564099 0.021490923023234815
1 0.04304029304029304 0.397082287022327 0.011355311355311357 0.06247361343963602
1 0.04322344322344322 0.6157399340610533 0.017582417582417575 0.05197804638177719
1 0.042673992673992675 0.6734655528792771 0.012087912087912087 0.051478257474260186
1 0.11282051282051282 0.7686753397612824 0.0380952380952381 0.022990289745786
1 0.41318681318681316 0.8721316436173198 0.0146520146520146 0.05097846856674317
1 0.41098901098901097 0.7691751286687996 0.02051282051282055 0.05297762419681152
1 0.4146520146520147 0.5740075602833764 0.0146520146520146 0.05447699091936263
1 0.2641025641025641 0.793664785137137 0.015384615384615441 0.024989445375854347