2 0.2769308943089431 0.4839021249195106 0.45934959349593496 0.5048293625241468
2 0.48323170731707316 0.6197681905988409 0.2967479674796748 0.2086284610431423
2 0.5630081300813008 0.5643915003219575 0.12703252032520326 0.09658725048293625
2 0.7997967479674797 0.6204121056020605 0.31402439024390244 0.2215067611075338
2 0.7261178861788617 0.44977462974887317 0.44308943089430897 0.12234385061171925
2 0.7271341463414634 0.30940115904700577 0.45121951219512196 0.16613007083065034
0 0.9761178861788617 0.46458467482292337 0.047764227642276426 0.07147456535737283
0 0.6925813008130082 0.5405666452028333 0.0975609756097561 0.0669671603348358
0 0.5533536585365854 0.4839021249195106 0.09959349593495935 0.0643915003219575
0 0.6316056910569106 0.36509980682549903 0.09349593495934959 0.07018673535093367
0 0.023373983739837397 0.4607211848036059 0.046747967479674794 0.06889890534449453
0 0.3800813008130081 0.48486799742434 0.09857723577235772 0.062459755312298776
1 0.9720528455284553 0.6216999356084997 0.03048780487804878 0.10045074050225371
1 0.032520325203252036 0.5901481004507405 0.039634146341463415 0.10173857050869285
1 0.026422764227642278 0.37572440437862203 0.023373983739837397 0.0695428203477141
1 0.029471544715447155 0.298454603992273 0.029471544715447155 0.0695428203477141
1 0.9659552845528455 0.2736638763683194 0.024390243902439025 0.07405022537025113