2 0.7976324689966178 0.4743470149253731 0.4047350620067644 0.4673507462686567
2 0.6589627959413754 0.7905783582089553 0.6820744081172492 0.14832089552238806
2 0.44532130777903045 0.5648320895522388 0.25366403607666294 0.28171641791044777
2 0.1488162344983089 0.605410447761194 0.2976324689966178 0.35447761194029853
2 0.05693348365276212 0.345615671641791 0.11386696730552424 0.1296641791044776
2 0.3647125140924464 0.2719216417910448 0.46223224351747466 0.292910447761194
2 0.44532130777903045 0.1828358208955224 0.2649379932356257 0.11287313432835822
0 0.43968432919954903 0.3880597014925373 0.10935738444193913 0.10541044776119403
0 0.2717023675310034 0.2019589552238806 0.09808342728297632 0.06716417910447761
0 0.11217587373167982 0.21361940298507462 0.21645997745208567 0.09421641791044776
0 0.14768883878241262 0.34421641791044777 0.0935738444193912 0.05690298507462686
0 0.1871476888387824 0.4594216417910448 0.0935738444193912 0.09888059701492537
0 0.6848928974069899 0.7201492537313433 0.1262683201803833 0.17630597014925373
1 0.4599774520856821 0.7140858208955224 0.1544532130777903 0.016791044776119403
1 0.12795941375422773 0.7915111940298507 0.23449830890642615 0.018656716417910446
1 0.8703494926719278 0.7164179104477612 0.2593010146561443 0.016791044776119403