2 0.41378091872791517 0.6577102803738317 0.2643109540636042 0.6740654205607477
2 0.657243816254417 0.7739485981308412 0.20565371024734982 0.42757009345794394
2 0.6554770318021201 0.40186915887850466 0.20353356890459365 0.316588785046729
2 0.5886925795053004 0.14953271028037382 0.31731448763250886 0.19042056074766356
2 0.35159010600706714 0.15712616822429906 0.13498233215547703 0.3142523364485981
2 0.4734982332155477 0.27686915887850466 0.08833922261484099 0.06658878504672897
0 0.5738515901060071 0.6302570093457944 0.07279151943462897 0.10514018691588785
0 0.27385159010600707 0.0566588785046729 0.14487632508833923 0.1133177570093458
0 0.35547703180212015 0.04497663551401869 0.06643109540636043 0.08995327102803738
0 0.6102473498233215 0.17757009345794392 0.0706713780918728 0.10397196261682243
1 0.7770318021201413 0.13317757009345793 0.02120141342756184 0.11565420560747663
1 0.7770318021201413 0.3382009345794392 0.019787985865724382 0.06542056074766354
1 0.7795053003533569 0.6401869158878505 0.019081272084805655 0.0689252336448598