2 0.35353535353535354 0.8692033293697978 0.23737373737373738 0.2615933412604043
2 0.5787037037037037 0.8721759809750297 0.19276094276094277 0.2556480380499406
2 0.382996632996633 0.38525564803804996 0.29545454545454547 0.6979785969084423
2 0.6001683501683501 0.544589774078478 0.14057239057239057 0.3745541022592152
2 0.7281144781144782 0.5243757431629013 0.11531986531986532 0.07728894173602854
2 0.7335858585858586 0.38882282996432815 0.10774410774410774 0.1724137931034483
2 0.6683501683501684 0.17360285374554102 0.23737373737373738 0.34720570749108204
1 0.3648989898989899 0.036860879904875146 0.2037037037037037 0.02497027348394768
0 0.5210437710437711 0.7740784780023782 0.061447811447811446 0.09155766944114149
0 0.4414983164983165 0.7728894173602854 0.045454545454545456 0.08680142687277051
0 0.43813131313131315 0.6623067776456599 0.05555555555555555 0.06777645659928656
0 0.5075757575757576 0.019619500594530322 0.050505050505050504 0.039239001189060645
0 0.6308922558922558 0.31272294887039237 0.05218855218855219 0.089179548156956
0 0.6553030303030303 0.40130796670630203 0.05555555555555555 0.0713436385255648
0 0.6527777777777778 0.5279429250891795 0.05387205387205387 0.07253269916765755
0 0.6847643097643098 0.6510107015457788 0.16666666666666666 0.1070154577883472