2 0.352294921875 0.9827473958333334 0.17822265625 0.034505208333333336
2 0.47021484375 0.8375651041666666 0.13720703125 0.23372395833333334
2 0.330810546875 0.8401692708333334 0.12939453125 0.23307291666666666
2 0.30224609375 0.6555989583333334 0.07421875 0.11328125
2 0.30029296875 0.5218098958333334 0.06884765625 0.140625
2 0.408935546875 0.5211588541666666 0.13720703125 0.14192708333333334
2 0.51220703125 0.5205078125 0.05224609375 0.140625
2 0.413330078125 0.6569010416666666 0.14013671875 0.10677083333333333
2 0.5166015625 0.6891276041666666 0.0419921875 0.04296875
2 0.510498046875 0.6276041666666666 0.05419921875 0.059244791666666664
2 0.6064453125 0.6298828125 0.1240234375 0.21744791666666666
2 0.6044921875 0.4830729166666667 0.12158203125 0.06575520833333333
2 0.3466796875 0.2158203125 0.1630859375 0.3541666666666667
2 0.48828125 0.2919921875 0.10107421875 0.212890625
2 0.604736328125 0.0869140625 0.12255859375 0.173828125
2 0.488525390625 0.14778645833333334 0.10205078125 0.048177083333333336
2 0.487548828125 0.0751953125 0.1015625 0.06640625
2 0.40185546875 0.017903645833333332 0.2734375 0.035807291666666664
0 0.41748046875 0.2975260416666667 0.0419921875 0.09375
0 0.4208984375 0.1572265625 0.03515625 0.039713541666666664
0 0.42041015625 0.087890625 0.0361328125 0.040364583333333336
0 0.3583984375 0.6217447916666666 0.0439453125 0.05859375
0 0.35693359375 0.5660807291666666 0.03369140625 0.052083333333333336
0 0.49609375 0.5403645833333334 0.044921875 0.044921875
0 0.618896484375 0.5384114583333334 0.041015625 0.0546875
0 0.5576171875 0.5511067708333334 0.0439453125 0.049479166666666664
0 0.5546875 0.6878255208333334 0.0419921875 0.048828125
0 0.379150390625 0.974609375 0.03662109375 0.05078125
0 0.3759765625 0.73828125 0.0419921875 0.06380208333333333
0 0.423828125 0.7379557291666666 0.041015625 0.061848958333333336
0 0.475830078125 0.6669921875 0.0341796875 0.06770833333333333
1 0.484375 0.9596354166666666 0.05126953125 0.014973958333333334
1 0.335205078125 0.958984375 0.05078125 0.014322916666666666
1 0.39306640625 0.4430338541666667 0.0263671875 0.011067708333333334
1 0.346435546875 0.3987630208333333 0.107421875 0.01171875
1 0.46533203125 0.3984375 0.04931640625 0.008463541666666666
1 0.31982421875 0.4449869791666667 0.02197265625 0.010416666666666666