2 0.092041015625 0.3030598958333333 0.1171875 0.23763020833333334
2 0.246826171875 0.4602864583333333 0.17529296875 0.18294270833333334
2 0.244873046875 0.2744140625 0.1748046875 0.17252604166666666
2 0.38330078125 0.236328125 0.0849609375 0.09895833333333333
2 0.483642578125 0.23372395833333334 0.10546875 0.091796875
2 0.484130859375 0.3785807291666667 0.1064453125 0.18294270833333334
2 0.484619140625 0.5162760416666666 0.10546875 0.06966145833333333
2 0.38232421875 0.3844401041666667 0.080078125 0.18684895833333334
2 0.358154296875 0.5221354166666666 0.0322265625 0.055989583333333336
2 0.404296875 0.5139973958333334 0.04443359375 0.072265625
2 0.402587890625 0.6419270833333334 0.1630859375 0.16536458333333334
2 0.5126953125 0.6393229166666666 0.04931640625 0.162109375
2 0.713134765625 0.2955729166666667 0.265625 0.21744791666666666
2 0.656005859375 0.484375 0.15966796875 0.134765625
2 0.8515625 0.6396484375 0.21435546875 0.16341145833333334
2 0.76416015625 0.4847005208333333 0.0361328125 0.13606770833333334
2 0.818603515625 0.4833984375 0.0498046875 0.13541666666666666
2 0.90283203125 0.3694661458333333 0.109375 0.3645833333333333
0 0.9091796875 0.5794270833333334 0.0439453125 0.061197916666666664
0 0.65185546875 0.3899739583333333 0.0703125 0.055989583333333336
0 0.757080078125 0.39453125 0.02978515625 0.046875
0 0.80908203125 0.3938802083333333 0.0302734375 0.048177083333333336
0 0.40869140625 0.3111979166666667 0.0439453125 0.05859375
0 0.450439453125 0.3092447916666667 0.0390625 0.044921875
0 0.4697265625 0.4947916666666667 0.03369140625 0.059895833333333336
0 0.47119140625 0.6585286458333334 0.041015625 0.0546875
0 0.461669921875 0.5768229166666666 0.037109375 0.05859375
0 0.359130859375 0.5729166666666666 0.03662109375 0.055989583333333336
0 0.136474609375 0.3391927083333333 0.05322265625 0.048828125
0 0.3212890625 0.3346354166666667 0.0478515625 0.055989583333333336
0 0.321533203125 0.3984375 0.04638671875 0.0546875
0 0.374755859375 0.4677734375 0.05078125 0.045572916666666664
1 0.1552734375 0.4791666666666667 0.01123046875 0.068359375
1 0.15576171875 0.2802734375 0.0107421875 0.06770833333333333
1 0.542724609375 0.357421875 0.00830078125 0.03515625
1 0.575927734375 0.2952473958333333 0.0087890625 0.14322916666666666
1 0.576171875 0.4537760416666667 0.00634765625 0.06575520833333333
1 0.541259765625 0.259765625 0.0078125 0.029296875