2 0.09198113207547169 0.30303030303030304 0.11706689536878215 0.2378502001143511
2 0.24678387650085762 0.4602630074328187 0.17538593481989712 0.18296169239565474
2 0.2448542024013722 0.274442538593482 0.17495711835334476 0.17267009719839913
2 0.3833619210977702 0.23642081189251 0.08490566037735847 0.09891366495140079
2 0.483704974271012 0.2338479130931961 0.10548885077186965 0.09148084619782737
2 0.4841337907375643 0.37850200114351057 0.10634648370497424 0.18296169239565463
2 0.4845626072041166 0.516295025728988 0.10548885077186959 0.06975414522584329
2 0.38228987993138935 0.384505431675243 0.08018867924528306 0.18696397941680956
2 0.3582761578044597 0.5220125786163522 0.03216123499142365 0.05603201829616925
2 0.4043739279588336 0.5140080045740423 0.044596912521440824 0.07204116638078902
2 0.40265866209262435 0.6417953116066323 0.16295025728988 0.16523727844482564
2 0.5126500857632933 0.6392224128073184 0.04931389365351624 0.16237850200114354
2 0.7131217838765008 0.29559748427672955 0.26586620926243554 0.21726700971983995
2 0.6560891938250428 0.4842767295597484 0.1595197255574614 0.1349342481417953
2 0.8516295025728988 0.6397941680960549 0.21440823327615788 0.1635220125786164
2 0.7641509433962264 0.48484848484848486 0.036020583190394584 0.13607775871926808
2 0.8186106346483705 0.4834190966266438 0.0497427101200687 0.13550600343053176
2 0.9028730703259005 0.36935391652372784 0.10934819897084047 0.36477987421383656
0 0.9090909090909091 0.5794739851343625 0.04373927958833623 0.06117781589479702
0 0.6518010291595198 0.38993710691823896 0.07032590051457976 0.05603201829616925
0 0.7570754716981132 0.39451114922813035 0.029588336192109876 0.04688393367638651
0 0.8089622641509434 0.393939393939394 0.030445969125214356 0.0480274442538593
0 0.40866209262435677 0.3113207547169811 0.04373927958833623 0.05889079473985137
0 0.45047169811320753 0.30931961120640367 0.03902229845626071 0.04459691252144086
0 0.46976843910806176 0.49485420240137223 0.03387650085763294 0.06003430531732423
0 0.4712692967409948 0.6586620926243568 0.04116638078902235 0.05488850771869632
0 0.46162092624356776 0.5769010863350487 0.037307032590051414 0.058319039451114975
0 0.3591337907375643 0.5728987993138936 0.036449399656946824 0.05603201829616925
0 0.13636363636363635 0.3393367638650657 0.05317324185248712 0.04859919954259576
0 0.3211835334476844 0.3344768439108062 0.0480274442538593 0.05603201829616925
0 0.3216123499142367 0.3985134362492853 0.046312178387650116 0.054888507718696466
0 0.3747855917667238 0.4676958261863922 0.05060034305317329 0.04574042309891372
1 0.15523156089193824 0.4791309319611206 0.011149228130360234 0.06861063464837051
1 0.15587478559176673 0.2801600914808462 0.010720411663807883 0.06746712407089765
1 0.5426672384219554 0.35734705546026296 0.008147512864493889 0.03544882790165804
1 0.5759005145797599 0.29531160663236133 0.00857632933104635 0.1435105774728416
1 0.576114922813036 0.4536878216123499 0.0064322469982847075 0.06575185820468847
1 0.5411663807890222 0.25986277873070324 0.007718696397941649 0.029159519725557487