2 0.2829113924050633 0.9639376218323586 0.0810126582278481 0.07212475633528265
2 0.2661392405063291 0.8079922027290448 0.11835443037974684 0.2475633528265107
2 0.3905063291139241 0.9005847953216374 0.10886075949367088 0.19883040935672514
2 0.6272151898734177 0.966374269005848 0.3531645569620253 0.06725146198830409
2 0.660126582278481 0.7875243664717348 0.17974683544303796 0.26120857699805067
2 0.4408227848101266 0.7782651072124757 0.21962025316455697 0.2212475633528265
2 0.3971518987341772 0.5380116959064327 0.2892405063291139 0.26120857699805067
2 0.6518987341772152 0.4980506822612086 0.2 0.31968810916179335
2 0.5563291139240506 0.2777777777777778 0.20379746835443038 0.2378167641325536
2 0.6680379746835443 0.24269005847953215 0.07405063291139241 0.17738791423001948
2 0.7560126582278481 0.2378167641325536 0.07278481012658228 0.16374269005847952
2 0.6104430379746836 0.07504873294346978 0.2917721518987342 0.15009746588693956
2 0.3509493670886076 0.1301169590643275 0.19556962025316454 0.260233918128655
2 0.3180379746835443 0.3416179337231969 0.12848101265822784 0.12962962962962962
2 0.419620253164557 0.33771929824561403 0.06582278481012659 0.13157894736842105
0 0.3212025316455696 0.4415204678362573 0.04493670886075949 0.07797270955165692
0 0.3050632911392405 0.7387914230019493 0.04810126582278481 0.07017543859649122
0 0.29620253164556964 0.8942495126705653 0.04050632911392405 0.09259259259259259
0 0.38924050632911394 0.8318713450292398 0.04430379746835443 0.07894736842105263
0 0.3594936708860759 0.9770955165692008 0.04430379746835443 0.04580896686159844
0 0.5231012658227848 0.7076023391812866 0.05126582278481013 0.0682261208576998
0 0.694620253164557 0.8820662768031189 0.04493670886075949 0.08771929824561403
0 0.7724683544303798 0.8347953216374269 0.05506329113924051 0.057504873294346975
0 0.48575949367088606 0.44541910331384016 0.046202531645569624 0.07602339181286549
0 0.47848101265822784 0.3333333333333333 0.05189873417721519 0.07407407407407407
0 0.4768987341772152 0.2212475633528265 0.052531645569620256 0.07797270955165692
0 0.6569620253164556 0.20906432748538012 0.04556962025316456 0.06920077972709551
0 0.7329113924050633 0.20760233918128654 0.05569620253164557 0.0682261208576998
1 0.7522151898734177 0.4780701754385965 0.02088607594936709 0.15497076023391812
1 0.24430379746835443 0.5155945419103314 0.020253164556962026 0.1539961013645224
1 0.2439873417721519 0.34210526315789475 0.010759493670886076 0.07407407407407407
1 0.24715189873417723 0.16374269005847952 0.013291139240506329 0.15009746588693956