1 0.08620689655172414 0.84716796875 0.11330049261083744 0.0537109375
1 0.23316912972085385 0.80029296875 0.16146688560481665 0.14111328125
1 0.4066776135741653 0.739501953125 0.16475095785440613 0.2705078125
1 0.25424192665571976 0.665771484375 0.12151067323481117 0.115234375
1 0.3642583470169677 0.497802734375 0.25177887246852765 0.19384765625
1 0.10727969348659004 0.672119140625 0.1477832512315271 0.0986328125
1 0.08675424192665572 0.76953125 0.1143951833607006 0.08740234375
1 0.13081554460864805 0.4697265625 0.2025177887246853 0.28369140625
1 0.3114395183360701 0.328125 0.150519978106185 0.12353515625
1 0.41707717569786534 0.348876953125 0.047619047619047616 0.0859375
1 0.40585659551176795 0.20556640625 0.17077175697865354 0.17529296875
1 0.27558839627805143 0.211669921875 0.0810071154898741 0.06201171875
1 0.27613574165298305 0.149658203125 0.07991242474001095 0.056640625
1 0.12835249042145594 0.22314453125 0.19759168035030103 0.20166015625
0 0.03557744937055282 0.390380859375 0.07115489874110564 0.04638671875
0 0.09195402298850575 0.709716796875 0.03667214012041598 0.0380859375
0 0.20552818828680897 0.66796875 0.04707170224411604 0.041015625
0 0.1655719759168035 0.851806640625 0.04488232074438971 0.0361328125
0 0.28872468527640943 0.889892578125 0.04707170224411604 0.05029296875
0 0.2996715927750411 0.81591796875 0.05309250136836344 0.04833984375
0 0.29310344827586204 0.73095703125 0.04159824849480022 0.08642578125
0 0.3007662835249042 0.652099609375 0.05747126436781609 0.0458984375
0 0.2920087575259989 0.379638671875 0.04597701149425287 0.05126953125
0 0.3713738368910783 0.342529296875 0.055281882868089764 0.05126953125
0 0.46496989600437877 0.34423828125 0.06239737274220033 0.052734375
0 0.33962780514504654 0.273193359375 0.04488232074438971 0.04833984375
0 0.337712096332786 0.148681640625 0.05090311986863711 0.0400390625
0 0.28078817733990147 0.2607421875 0.039956212370005476 0.05029296875
0 0.21264367816091953 0.27001953125 0.051450465243568694 0.0419921875
2 0.7977558839627805 0.332275390625 0.3798576902025178 0.29443359375
2 0.89272030651341 0.679931640625 0.19759168035030103 0.38818359375
2 0.6981390257252327 0.5703125 0.18007662835249041 0.1650390625
2 0.6518883415435139 0.837890625 0.08593322386425835 0.072265625
2 0.7435686918445539 0.840087890625 0.08702791461412152 0.07177734375
2 0.7120963327859879 0.728759765625 0.14340448823207444 0.1337890625
1 0.49206349206349204 0.697998046875 0.010399562123700055 0.0576171875
1 0.49206349206349204 0.655517578125 0.0060207991242474 0.03076171875
1 0.49261083743842365 0.533447265625 0.009304871373836891 0.02587890625
1 0.4931581828133552 0.481689453125 0.008210180623973728 0.072265625
1 0.49261083743842365 0.237548828125 0.011494252873563218 0.02880859375
1 0.49206349206349204 0.192138671875 0.010399562123700055 0.0556640625
1 0.02654625068418172 0.76171875 0.008210180623973728 0.03271484375
1 0.02983032293377121 0.697265625 0.011494252873563218 0.017578125
1 0.027914614121510674 0.663818359375 0.010946907498631636 0.05322265625
1 0.030377668308702793 0.530029296875 0.010399562123700055 0.076171875
1 0.029009304871373837 0.4599609375 0.013136288998357963 0.076171875
1 0.027914614121510674 0.23828125 0.013136288998357963 0.03271484375
1 0.029009304871373837 0.192626953125 0.013136288998357963 0.0546875
1 0.603448275862069 0.563720703125 0.011494252873563218 0.08154296875
1 0.993431855500821 0.749267578125 0.0071154898741105635 0.09033203125
1 0.9917898193760263 0.524169921875 0.012588943623426382 0.0712890625
1 0.9917898193760263 0.314208984375 0.010399562123700055 0.08935546875
1 0.6425834701696771 0.763427734375 0.0120415982484948 0.02587890625
1 0.6436781609195402 0.683837890625 0.004378762999452655 0.03125
0 0.6420361247947455 0.727294921875 0.11384783798576902 0.05224609375
0 0.6699507389162561 0.66845703125 0.03776683087027915 0.0439453125
0 0.7036124794745484 0.785400390625 0.08538587848932677 0.04736328125
0 0.7701149425287356 0.759521484375 0.060755336617405585 0.0576171875
0 0.5736179529282978 0.40380859375 0.06458675424192666 0.12255859375
0 0.5722495894909688 0.266357421875 0.06951286261631089 0.111328125
0 0.9677066228790366 0.502685546875 0.0421455938697318 0.04443359375
0 0.9649698960043788 0.37109375 0.03667214012041598 0.04638671875