1 0.11095692185253891 0.13092933204259438 0.06022600648230719 0.10116166505324298
1 0.16331556712769785 0.26185866408518876 0.1584323774129162 0.14424007744433687
1 0.23140893481715324 0.41674733785091966 0.30330033895143893 0.1471442400774443
1 0.3141518716509537 0.28073572120038726 0.1291332391242262 0.10842207163601159
1 0.5024259639875355 0.37899322362052273 0.2170306539902961 0.22458857696030976
1 0.30709837539626905 0.14956437560503388 0.11068563353505102 0.13165537270087124
1 0.19776918344865738 0.1314133591481123 0.09820637093060898 0.10212971926427881
1 0.5338954088161285 0.17061955469506293 0.31794990809578394 0.18054211035818007
1 0.6925990745465326 0.3318005808325266 0.1383570419188138 0.13407550822846082
1 0.6695395675600636 0.4259438528557599 0.09657864102568176 0.04259438528557602
1 0.8301422515128828 0.4160212971926428 0.19641274186121796 0.15246853823814133
1 0.8230887552581981 0.29985479186834463 0.06944980927689468 0.07212003872216843
1 0.8928098528525809 0.30033881897386255 0.06348146629216164 0.07115198451113258
1 0.8103382043362684 0.16844143272023235 0.22625445678488365 0.1761858664085189
0 0.6228779769521499 0.08470474346563407 0.05208735695767113 0.06582768635043562
0 0.2650486861856492 0.13601161665053244 0.042863554163083475 0.0329138431752178
0 0.3117102767935629 0.23741529525653438 0.04611901397293797 0.042110358180058066
0 0.1055311555027815 0.2015972894482091 0.04069324762318053 0.04017424975798645
0 0.06293888965718589 0.31147144240077446 0.056427970037477 0.04211035818005804
0 0.14595311480847414 0.3213939980638916 0.05425766349757404 0.047434656340755055
0 0.24117531424671662 0.31534365924491775 0.09712121766065755 0.037270087124879
0 0.32961530574776227 0.3223620522749274 0.051544780322695306 0.05130687318489835
0 0.6348146629216163 0.3143756050338819 0.057513123307428596 0.0411423039690223
0 0.6765930638147483 0.3852855759922556 0.057513123307428596 0.04937076476282676
0 0.6746940455923331 0.4687802516940949 0.059140853212355814 0.055663117134559514
0 0.7541815226162791 0.3569699903194579 0.05425766349757392 0.04017424975798645
0 0.8938950061225323 0.3552758954501452 0.04503386070298645 0.04549854791868346
0 0.7682885151256483 0.3044530493707648 0.05642797003747695 0.03581800580832528
0 0.7577082707436215 0.2437076476282672 0.047204167242889485 0.04598257502420133
2 0.6879871731492387 0.7657308809293321 0.32988659406525006 0.33881897386253623
2 0.29841714923665724 0.8504356243949661 0.43514646125054385 0.17618586640851897
2 0.4213107570586624 0.6766698935140368 0.18501863252672746 0.1606969990319458
2 0.12126587791707798 0.6355275895450145 0.08084391861138533 0.07647628267182971
2 0.11882428305968715 0.7173281703775412 0.08030134197640958 0.07744433688286545
2 0.24361690910410744 0.6892545982575025 0.14975115125330432 0.12778315585672795
1 0.27807052542506694 0.4929816069699903 0.0645666195621131 0.009196515004840311
1 0.32554598098544424 0.4929816069699903 0.03472490463844734 0.005324298160697016
1 0.46254658131681864 0.49346563407550825 0.028756561653714298 0.00822846079380446
1 0.5206022812592229 0.4939496611810262 0.08084391861138537 0.007260406582768608
1 0.7943321936044839 0.49346563407550825 0.0325545980985443 0.010164569215876051
1 0.8450631089747156 0.4929816069699903 0.06239631302221024 0.009196515004840311
1 0.2067216979257571 0.0776863504356244 0.03689521117835031 0.007260406582768636
1 0.27888439037753054 0.08059051306873186 0.019532758859126642 0.01016456921587608
1 0.3163221781908567 0.07889641819941917 0.05968342984733138 0.009680542110358181
1 0.46634461776164887 0.08107454017424975 0.08518453169119125 0.009196515004840283
1 0.5450182298331311 0.07986447241045498 0.0851845316911912 0.011616650532429829
1 0.7932470403345324 0.07889641819941917 0.03689521117835037 0.011616650532429829
1 0.8445205323397399 0.07986447241045498 0.0613111597522586 0.011616650532429829
1 0.4286355416308349 0.5922071636011617 0.09115287467592442 0.010164569215876051
1 0.22055740211763844 0.9402226524685383 0.10146183074046347 0.006292352371732868
1 0.4728555373813577 0.9387705711519846 0.0797587653414338 0.011132623426912014
1 0.7083337969608291 0.9387705711519846 0.10037667747051202 0.009196515004840311
1 0.204822679703342 0.6272991287512101 0.028756561653714235 0.010648596321394033
1 0.29380524783936346 0.6282671829622459 0.035267481273423155 0.0038722168441431837
0 0.24524463900903465 0.6268151016456922 0.05859827657737999 0.10164569215876096
0 0.3111677001585871 0.6515004840271056 0.049374473782792395 0.03388189738625358
0 0.1801354428119458 0.6817521781219749 0.053172510227622524 0.07599225556631173
0 0.2091632927831479 0.7410454985479187 0.0645666195621131 0.054211035818005904
0 0.607957119490317 0.5655856727976767 0.1372718886488624 0.057599225556631106
0 0.7617775955059395 0.564375605033882 0.12479262604442024 0.06195546950629227
0 0.49700019763777814 0.9172313649564376 0.049917050417768095 0.037754114230396985
0 0.6445810423511795 0.9148112294288481 0.05208735695767113 0.03291384317521784