1 0.9137931034482759 0.15283203125 0.11330049261083744 0.0537109375
1 0.7668308702791461 0.19970703125 0.16146688560481665 0.14111328125
1 0.5933223864258347 0.260498046875 0.16475095785440613 0.2705078125
1 0.7457580733442802 0.334228515625 0.12151067323481117 0.115234375
1 0.6357416529830323 0.502197265625 0.25177887246852765 0.19384765625
1 0.89272030651341 0.327880859375 0.1477832512315271 0.0986328125
1 0.9132457580733443 0.23046875 0.1143951833607006 0.08740234375
1 0.8691844553913519 0.5302734375 0.2025177887246853 0.28369140625
1 0.6885604816639299 0.671875 0.150519978106185 0.12353515625
1 0.5829228243021346 0.651123046875 0.047619047619047616 0.0859375
1 0.5941434044882321 0.79443359375 0.17077175697865354 0.17529296875
1 0.7244116037219486 0.788330078125 0.0810071154898741 0.06201171875
1 0.723864258347017 0.850341796875 0.07991242474001095 0.056640625
1 0.8716475095785441 0.77685546875 0.19759168035030103 0.20166015625
0 0.9641488779419813 0.609619140625 0.07170224411603722 0.04638671875
0 0.9080459770114943 0.290283203125 0.03667214012041598 0.0380859375
0 0.794471811713191 0.33203125 0.04707170224411604 0.041015625
0 0.8344280240831965 0.148193359375 0.04488232074438971 0.0361328125
0 0.7112753147235906 0.110107421875 0.04707170224411604 0.05029296875
0 0.7003284072249589 0.18408203125 0.05309250136836344 0.04833984375
0 0.7068965517241379 0.26904296875 0.04159824849480022 0.08642578125
0 0.6992337164750958 0.347900390625 0.05747126436781609 0.0458984375
0 0.7079912424740011 0.620361328125 0.04597701149425287 0.05126953125
0 0.6286261631089217 0.657470703125 0.055281882868089764 0.05126953125
0 0.5350301039956212 0.65576171875 0.06239737274220033 0.052734375
0 0.6603721948549535 0.726806640625 0.04488232074438971 0.04833984375
0 0.662287903667214 0.851318359375 0.05090311986863711 0.0400390625
0 0.7192118226600985 0.7392578125 0.039956212370005476 0.05029296875
0 0.7873563218390804 0.72998046875 0.051450465243568694 0.0419921875
2 0.20224411603721948 0.667724609375 0.3798576902025178 0.29443359375
2 0.10727969348659004 0.320068359375 0.19759168035030103 0.38818359375
2 0.3018609742747674 0.4296875 0.18007662835249041 0.1650390625
2 0.34811165845648606 0.162109375 0.08593322386425835 0.072265625
2 0.25643130815544607 0.159912109375 0.08702791461412152 0.07177734375
2 0.28790366721401206 0.271240234375 0.14340448823207444 0.1337890625
1 0.5079365079365079 0.302001953125 0.010399562123700055 0.0576171875
1 0.5079365079365079 0.344482421875 0.0060207991242474 0.03076171875
1 0.5073891625615764 0.466552734375 0.009304871373836891 0.02587890625
1 0.5068418171866448 0.518310546875 0.008210180623973728 0.072265625
1 0.5073891625615764 0.762451171875 0.011494252873563218 0.02880859375
1 0.5079365079365079 0.807861328125 0.010399562123700055 0.0556640625
1 0.9734537493158183 0.23828125 0.008210180623973728 0.03271484375
1 0.9701696770662288 0.302734375 0.011494252873563218 0.017578125
1 0.9720853858784894 0.336181640625 0.010946907498631636 0.05322265625
1 0.9696223316912972 0.469970703125 0.010399562123700055 0.076171875
1 0.9709906951286261 0.5400390625 0.013136288998357963 0.076171875
1 0.9720853858784894 0.76171875 0.013136288998357963 0.03271484375
1 0.9709906951286261 0.807373046875 0.013136288998357963 0.0546875
1 0.39655172413793105 0.436279296875 0.011494252873563218 0.08154296875
1 0.006568144499178982 0.250732421875 0.0071154898741105635 0.09033203125
1 0.008210180623973728 0.475830078125 0.012588943623426382 0.0712890625
1 0.008210180623973728 0.685791015625 0.010399562123700055 0.08935546875
1 0.35741652983032296 0.236572265625 0.0120415982484948 0.02587890625
1 0.3563218390804598 0.316162109375 0.004378762999452655 0.03125
0 0.3579638752052545 0.272705078125 0.11384783798576902 0.05224609375
0 0.33004926108374383 0.33154296875 0.03776683087027915 0.0439453125
0 0.2963875205254516 0.214599609375 0.08538587848932677 0.04736328125
0 0.22988505747126436 0.240478515625 0.060755336617405585 0.0576171875
0 0.42638204707170224 0.59619140625 0.06458675424192666 0.12255859375
0 0.4277504105090312 0.733642578125 0.06951286261631089 0.111328125
0 0.03229337712096333 0.497314453125 0.0421455938697318 0.04443359375
0 0.03503010399562124 0.62890625 0.03667214012041598 0.04638671875