2 0.4062111801242236 0.35487661574618096 0.11925465838509317 0.7097532314923619
2 0.5953416149068324 0.4388954171562867 0.2503105590062112 0.8777908343125734
2 0.6229813664596273 0.9465334900117509 0.18757763975155278 0.10693301997649823
2 0.4260869565217391 0.845475910693302 0.20559006211180125 0.27262044653349
0 0.31956521739130433 0.8137485311398355 0.12919254658385093 0.11985898942420682
0 0.43540372670807453 0.7673325499412456 0.05652173913043478 0.13278495887191538
0 0.4440993788819876 0.9800235017626322 0.07701863354037267 0.0399529964747356
0 0.5639751552795031 0.9371327849588719 0.062111801242236024 0.12573443008225618
0 0.496583850931677 0.14218566392479437 0.06832298136645963 0.11163337250293771
0 0.434472049689441 0.2990599294947121 0.0546583850931677 0.11045828437132785
1 0.7288819875776398 0.44418331374853115 0.01987577639751553 0.06462984723854288
1 0.7288819875776398 0.6169212690951822 0.018633540372670808 0.21504112808460635
1 0.7291925465838509 0.7961222091656874 0.019254658385093167 0.07285546415981199