2 0.593167701863354 0.6445358401880141 0.11925465838509317 0.7109283196239718
2 0.40403726708074533 0.5605170387779084 0.2503105590062112 0.8789659224441834
2 0.3763975155279503 0.052878965922444184 0.18757763975155278 0.10575793184488837
2 0.5739130434782609 0.154524089306698 0.20559006211180125 0.27262044653349
0 0.6804347826086956 0.1862514688601645 0.12919254658385093 0.11985898942420682
0 0.5645962732919255 0.23266745005875442 0.05652173913043478 0.13278495887191538
0 0.55527950310559 0.019388954171562868 0.07701863354037267 0.038777908343125736
0 0.43540372670807453 0.06227967097532315 0.062111801242236024 0.1245593419506463
0 0.503416149068323 0.8578143360752056 0.06832298136645963 0.11163337250293771
0 0.565527950310559 0.700940070505288 0.0546583850931677 0.11045828437132785
1 0.2711180124223602 0.5558166862514688 0.01987577639751553 0.06462984723854288
1 0.2711180124223602 0.38307873090481787 0.018633540372670808 0.21504112808460635
1 0.2708074534161491 0.20387779083431257 0.019254658385093167 0.07285546415981199