2 0.281494140625 0.5921223958333334 0.12109375 0.17578125
2 0.356689453125 0.4117838541666667 0.2744140625 0.17903645833333334
2 0.538818359375 0.4000651041666667 0.0869140625 0.15690104166666666
2 0.528564453125 0.6126302083333334 0.10498046875 0.142578125
2 0.6884765625 0.5686848958333334 0.201171875 0.22526041666666666
2 0.18212890625 0.4798177083333333 0.0595703125 0.30859375
2 0.406982421875 0.5944010416666666 0.12548828125 0.17578125
0 0.32373046875 0.5182291666666666 0.033203125 0.048177083333333336
0 0.206298828125 0.4541015625 0.04296875 0.057291666666666664
0 0.514892578125 0.4300130208333333 0.03466796875 0.044270833333333336
0 0.550537109375 0.4736328125 0.0390625 0.053385416666666664
0 0.513427734375 0.5201822916666666 0.03173828125 0.042317708333333336
0 0.601806640625 0.4775390625 0.03857421875 0.044921875
0 0.43408203125 0.4837239583333333 0.0283203125 0.047526041666666664
0 0.418701171875 0.6015625 0.03173828125 0.046223958333333336
1 0.584716796875 0.5992838541666666 0.00927734375 0.07942708333333333
1 0.585205078125 0.3883463541666667 0.00537109375 0.06380208333333333
1 0.2197265625 0.3785807291666667 0.00537109375 0.064453125
1 0.219482421875 0.5475260416666666 0.00439453125 0.080078125