2 0.43082851637764935 0.2086062941554271 0.1317919075144508 0.16133590237636483
2 0.5660886319845857 0.30879897238278736 0.1341040462427745 0.3658317276814387
2 0.5749518304431599 0.5518304431599229 0.11791907514450872 0.11612074502247911
2 0.41541425818882466 0.5379576107899807 0.10712909441233143 0.1397559409120103
2 0.4485549132947977 0.7511881824020552 0.16878612716763008 0.26820809248554917
2 0.5152215799614643 0.076043673731535 0.23121387283236988 0.07912652536929993
2 0.42928709055876685 0.3761078998073218 0.1317919075144508 0.16750160565189467
0 0.48631984585741805 0.2651252408477842 0.03622350674373792 0.04418754014129737
0 0.5344894026974952 0.1084136159280668 0.04315992292870896 0.05754656390494542
0 0.5526011560693642 0.5199743095696853 0.03314065510597297 0.046242774566473965
0 0.5198458574181117 0.5672447013487476 0.04007707129094418 0.05240847784200383
0 0.48477842003853566 0.5179190751445087 0.03159922928709058 0.042132305716120776
0 0.5167630057803468 0.6355812459858703 0.03391136801541422 0.05138086062941557
0 0.5121387283236994 0.41207450224791264 0.03545279383429678 0.03802183686576743
0 0.42389210019267826 0.3915221579961465 0.034682080924855474 0.042132305716120776
1 0.4254335260115607 0.6129736673089274 0.05934489402697496 0.012331406551059724
1 0.5838150289017341 0.6134874759152216 0.04778420038535636 0.007193320488118123
1 0.5911368015414258 0.12639691714836224 0.048554913294797775 0.00719332048811816
1 0.464354527938343 0.12588310854206808 0.060115606936416155 0.006165703275529862