2 0.718505859375 0.4078776041666667 0.12109375 0.17578125
2 0.643310546875 0.5882161458333334 0.2744140625 0.17903645833333334
2 0.461181640625 0.5999348958333334 0.0869140625 0.15690104166666666
2 0.471435546875 0.3873697916666667 0.10498046875 0.142578125
2 0.3115234375 0.4313151041666667 0.201171875 0.22526041666666666
2 0.81787109375 0.5201822916666666 0.0595703125 0.30859375
2 0.593017578125 0.4055989583333333 0.12548828125 0.17578125
0 0.67626953125 0.4817708333333333 0.033203125 0.048177083333333336
0 0.793701171875 0.5458984375 0.04296875 0.057291666666666664
0 0.485107421875 0.5699869791666666 0.03466796875 0.044270833333333336
0 0.449462890625 0.5263671875 0.0390625 0.053385416666666664
0 0.486572265625 0.4798177083333333 0.03173828125 0.042317708333333336
0 0.398193359375 0.5224609375 0.03857421875 0.044921875
0 0.56591796875 0.5162760416666666 0.0283203125 0.047526041666666664
0 0.581298828125 0.3984375 0.03173828125 0.046223958333333336
1 0.415283203125 0.4007161458333333 0.00927734375 0.07942708333333333
1 0.414794921875 0.6116536458333334 0.00537109375 0.06380208333333333
1 0.7802734375 0.6214192708333334 0.00537109375 0.064453125
1 0.780517578125 0.4524739583333333 0.00439453125 0.080078125