2 0.17393509127789047 0.6297222222222222 0.34787018255578095 0.17166666666666666
2 0.3554766734279919 0.6708333333333333 0.11257606490872211 0.08944444444444444
2 0.5654158215010142 0.6186111111111111 0.4127789046653144 0.18722222222222223
2 0.4421906693711968 0.43833333333333335 0.8843813387423936 0.20666666666666667
2 0.8955375253549696 0.6183333333333333 0.20892494929006086 0.19444444444444445
2 0.9406693711967545 0.4166666666666667 0.11866125760649088 0.1988888888888889
0 0.23225152129817445 0.5647222222222222 0.09939148073022312 0.058333333333333334
0 0.24695740365111563 0.6608333333333334 0.11460446247464504 0.059444444444444446
0 0.5750507099391481 0.6486111111111111 0.08316430020283976 0.05388888888888889
0 0.47920892494929007 0.5016666666666667 0.08620689655172414 0.05555555555555555
0 0.6942190669371197 0.4986111111111111 0.08823529411764706 0.06166666666666667
0 0.9244421906693712 0.5483333333333333 0.09026369168356999 0.06222222222222222
1 0.08569979716024341 0.31416666666666665 0.17139959432048682 0.018333333333333333
1 0.4340770791075051 0.3138888888888889 0.15415821501014199 0.017777777777777778