2 0.6273972602739726 0.49636963696369635 0.7452054794520548 0.22838283828382838
2 0.17214611872146118 0.42145214521452146 0.14520547945205478 0.09174917491749175
2 0.17579908675799086 0.5392739273927393 0.1415525114155251 0.1372937293729373
2 0.22146118721461186 0.7297029702970297 0.23835616438356164 0.2145214521452145
2 0.03744292237442922 0.7861386138613862 0.07488584474885844 0.11749174917491749
2 0.8744292237442922 0.7386138613861386 0.2511415525114155 0.201980198019802
2 0.7429223744292237 0.7881188118811882 0.08858447488584476 0.10561056105610561
2 0.5511415525114155 0.7217821782178218 0.3698630136986301 0.21716171617161717
2 0.8009132420091324 0.2716171617161716 0.39817351598173517 0.166996699669967
2 0.038356164383561646 0.6108910891089109 0.07671232876712329 0.19603960396039605
0 0.047488584474885846 0.4250825082508251 0.09497716894977169 0.058085808580858087
0 0.05251141552511415 0.5726072607260726 0.1050228310502283 0.06402640264026403
0 0.016894977168949773 0.6924092409240924 0.033789954337899546 0.066006600660066
0 0.2237442922374429 0.6452145214521452 0.08584474885844749 0.06930693069306931
0 0.43424657534246575 0.5871287128712871 0.08127853881278539 0.06402640264026403
0 0.6310502283105023 0.5900990099009901 0.08949771689497717 0.066006600660066
0 0.8515981735159818 0.665016501650165 0.08858447488584476 0.06666666666666667
0 0.8392694063926941 0.7762376237623763 0.09315068493150686 0.06072607260726073
0 0.8077625570776256 0.333003300330033 0.07579908675799087 0.08382838283828382
0 0.5406392694063927 0.764026402640264 0.08036529680365297 0.050825082508250824
1 0.9534246575342465 0.36468646864686466 0.09315068493150686 0.02574257425742574
1 0.673972602739726 0.36402640264026404 0.14429223744292238 0.0297029702970297
1 0.08812785388127854 0.6732673267326733 0.033789954337899546 0.08184818481848184