2 0.16608996539792387 0.6278563656147987 0.33217993079584773 0.16648531011969533
2 0.4734717416378316 0.43389553862894453 0.9469434832756632 0.2159956474428727
2 0.7231833910034602 0.5685527747551686 0.20876585928489041 0.08650707290533188
2 0.3350634371395617 0.6675734494015234 0.1245674740484429 0.0941240478781284
2 0.5859284890426759 0.6224156692056583 0.5017301038062284 0.1822633297062024
2 0.9181084198385236 0.6202393906420022 0.1637831603229527 0.1838955386289445
2 0.9677047289504037 0.4662676822633297 0.06459054209919261 0.11099020674646355
2 0.9769319492502884 0.366974972796518 0.0461361014994233 0.07562568008705114
0 0.9659746251441753 0.5473340587595212 0.06805074971164937 0.05984766050054407
0 0.7289504036908881 0.5021762785636561 0.12110726643598616 0.06039173014145811
0 0.4815455594002307 0.5032644178454843 0.11072664359861592 0.05821545157780196
0 0.20126874279123413 0.5666485310119695 0.09919261822376009 0.051142546245919476
0 0.2174163783160323 0.661316648531012 0.11995386389850057 0.058759521218716
0 0.5916955017301038 0.6455386289445049 0.104959630911188 0.05005440696409141
1 0.0651672433679354 0.31719260065288357 0.1303344867358708 0.02176278563656148
1 0.42387543252595156 0.3185527747551687 0.18223760092272204 0.01958650707290533