2 0.8333333333333334 0.3715995647442873 0.3333333333333333 0.16648531011969533
2 0.5259515570934256 0.5655603917301415 0.9480968858131488 0.2159956474428727
2 0.2768166089965398 0.4314472252448313 0.20876585928489041 0.08650707290533188
2 0.6649365628604383 0.3324265505984766 0.1245674740484429 0.0941240478781284
2 0.4140715109573241 0.37758433079434167 0.5017301038062284 0.1822633297062024
2 0.08131487889273356 0.3792165397170838 0.16262975778546712 0.1838955386289445
2 0.031718569780853516 0.5331882480957563 0.06343713956170703 0.11099020674646355
2 0.02249134948096886 0.6324809575625681 0.04498269896193772 0.07562568008705114
0 0.03344867358708189 0.45212187159956474 0.06689734717416378 0.05984766050054407
0 0.2710495963091119 0.49782372143634385 0.12110726643598616 0.06039173014145811
0 0.5184544405997693 0.4967355821545158 0.11072664359861592 0.05821545157780196
0 0.7987312572087658 0.43335146898803045 0.09919261822376009 0.051142546245919476
0 0.7825836216839677 0.33868335146898804 0.11995386389850057 0.058759521218716
0 0.4083044982698962 0.3544613710554951 0.104959630911188 0.05005440696409141
1 0.9342560553633218 0.6822633297062024 0.1314878892733564 0.02176278563656148
1 0.5761245674740484 0.6814472252448314 0.18223760092272204 0.01958650707290533