2 0.5 0.4193638392857143 1 0.20368303571428573
2 0.049879807692307696 0.6202566964285714 0.09975961538461539 0.18805803571428573
2 0.21814903846153846 0.576171875 0.19831730769230768 0.09095982142857142
2 0.37319711538461536 0.625 0.4987980769230769 0.18526785714285715
2 0.6274038461538461 0.6729910714285714 0.125 0.08705357142857142
2 0.8076923076923077 0.6188616071428571 0.38461538461538464 0.19084821428571427
0 0.3503605769230769 0.6529017857142857 0.1045673076923077 0.05022321428571429
0 0.7415865384615384 0.6674107142857143 0.13221153846153846 0.05915178571428571
0 0.7596153846153846 0.5697544642857143 0.10817307692307693 0.060267857142857144
0 0.4801682692307692 0.5022321428571429 0.11177884615384616 0.0546875
0 0.20673076923076922 0.5041852678571429 0.11538461538461539 0.05859375
1 0.9212740384615384 0.3119419642857143 0.15745192307692307 0.020089285714285716
1 0.5222355769230769 0.3119419642857143 0.19591346153846154 0.021205357142857144