2 0.5 0.5806361607142857 1 0.20368303571428573
2 0.9501201923076923 0.37974330357142855 0.09975961538461539 0.18805803571428573
2 0.7818509615384616 0.423828125 0.19831730769230768 0.09095982142857142
2 0.6268028846153846 0.375 0.4987980769230769 0.18526785714285715
2 0.37259615384615385 0.32700892857142855 0.125 0.08705357142857142
2 0.19230769230769232 0.38113839285714285 0.38461538461538464 0.19084821428571427
0 0.6496394230769231 0.3470982142857143 0.1045673076923077 0.05022321428571429
0 0.25841346153846156 0.3325892857142857 0.13221153846153846 0.05915178571428571
0 0.2403846153846154 0.4302455357142857 0.10817307692307693 0.060267857142857144
0 0.5198317307692307 0.49776785714285715 0.11177884615384616 0.0546875
0 0.7932692307692307 0.49581473214285715 0.11538461538461539 0.05859375
1 0.07872596153846154 0.6880580357142857 0.15745192307692307 0.020089285714285716
1 0.4777644230769231 0.6880580357142857 0.19591346153846154 0.021205357142857144