2 0.9604208416833667 0.4919636617749825 0.07915831663326653 0.596785464709993
2 0.6217434869739479 0.2802236198462614 0.5531062124248497 0.1642208245981831
2 0.45541082164328656 0.5555555555555556 0.87374749498998 0.45772187281621246
2 0.17935871743486975 0.32075471698113206 0.3156312625250501 0.22292103424178897
1 0.013527054108216433 0.25960866526904264 0.027054108216432865 0.09993011879804332
1 0.012525050100200401 0.6890286512928022 0.02404809619238477 0.1069182389937107
1 0.908817635270541 0.273235499650594 0.041082164328657314 0.0440251572327044
1 0.9103206412825652 0.4392033542976939 0.028056112224448898 0.06988120195667366
1 0.9098196392785571 0.640461215932914 0.033066132264529056 0.0726764500349406
1 0.9083166332665331 0.717330538085255 0.03807615230460922 0.06708595387840671
0 0.9428857715430862 0.5290006988120196 0.11422845691382766 0.08106219426974144
0 0.7344689378757515 0.27148846960167716 0.08316633266533066 0.06429070580013976
0 0.7294589178356713 0.33088749126484973 0.0811623246492986 0.07127882599580712
0 0.5536072144288577 0.27603074772886094 0.10020040080160321 0.07197763801537387
0 0.281563126252505 0.5894479385045422 0.09318637274549098 0.07127882599580712
0 0.28306613226452904 0.7019566736547869 0.0841683366733467 0.06289308176100629
0 0.4123246492985972 0.5296995108315863 0.09418837675350701 0.07197763801537387
0 0.29208416833667333 0.4018169112508735 0.09619238476953908 0.07337526205450734
0 0.13577154308617234 0.5230607966457023 0.10420841683366733 0.07127882599580712
0 0.011022044088176353 0.5230607966457023 0.022044088176352707 0.06778476589797344