2 0.25416666666666665 0.162109375 0.3715277777777778 0.2568359375
2 0.2607638888888889 0.44580078125 0.33611111111111114 0.26904296875
2 0.26458333333333334 0.751220703125 0.33819444444444446 0.33935546875
2 0.6927083333333334 0.2431640625 0.3729166666666667 0.09814453125
2 0.7013888888888888 0.614013671875 0.3451388888888889 0.60546875
1 0.17708333333333334 0.302978515625 0.14583333333333334 0.01904296875
1 0.2972222222222222 0.30615234375 0.07291666666666667 0.0205078125
1 0.5177083333333333 0.397705078125 0.027777777777777776 0.12646484375
1 0.6569444444444444 0.30615234375 0.21805555555555556 0.01708984375
1 0.5163194444444444 0.553955078125 0.01597222222222222 0.03662109375
1 0.07777777777777778 0.55810546875 0.029166666666666667 0.0322265625
1 0.07777777777777778 0.853759765625 0.02638888888888889 0.115234375
1 0.13576388888888888 0.930419921875 0.050694444444444445 0.01708984375
1 0.3524305555555556 0.931396484375 0.07361111111111111 0.0185546875
1 0.5708333333333333 0.931884765625 0.050694444444444445 0.01416015625
1 0.5177083333333333 0.849609375 0.025694444444444443 0.10888671875
1 0.7434027777777777 0.9296875 0.17291666666666666 0.015625
0 0.37083333333333335 0.282470703125 0.0798611111111111 0.05517578125
0 0.2125 0.501953125 0.08194444444444444 0.060546875
0 0.1951388888888889 0.5869140625 0.07152777777777777 0.0419921875
0 0.29444444444444445 0.554443359375 0.08472222222222223 0.05029296875
0 0.22118055555555555 0.686279296875 0.06736111111111111 0.052734375
0 0.3458333333333333 0.67626953125 0.06875 0.0576171875
0 0.20798611111111112 0.817626953125 0.0763888888888889 0.05517578125
0 0.20798611111111112 0.957763671875 0.08125 0.06591796875
0 0.6465277777777778 0.757080078125 0.07708333333333334 0.125
0 0.8170138888888889 0.2841796875 0.08125 0.0712890625