2 0.2541639905801755 0.16209055876685935 0.371312352815243 0.25674373795761085
2 0.26067223292656816 0.4458092485549133 0.33637336758724035 0.2692678227360309
2 0.26444016270605863 0.751204238921002 0.33842860201241703 0.3395953757225434
2 0.6926140012845216 0.2432562620423892 0.37268250909869416 0.09826589595375723
2 0.7015200171269537 0.6139210019267822 0.3452793834296725 0.6054913294797688
1 0.17709269963605223 0.30298651252408476 0.14592164418754014 0.019267822736030782
1 0.2973239135088846 0.30611753371868977 0.07261828302290733 0.020712909441233163
1 0.517576536073646 0.3976396917148362 0.028088203810747184 0.12668593448940269
1 0.6569899379147934 0.30611753371868977 0.217854849068722 0.016859344894026962
1 0.5162063797901948 0.5539499036608864 0.015756797259687497 0.036608863198458685
1 0.07775636908584885 0.5580443159922929 0.029458360094198235 0.032273603082851654
1 0.07775636908584885 0.8538053949903661 0.026718047527296087 0.1151252408477843
1 0.13564547206165703 0.9303949903660886 0.05069578248768999 0.016859344894027073
1 0.3524727039177906 0.9313583815028902 0.07330336116463279 0.01878612716762995
1 0.5706700920573753 0.9318400770712909 0.05069578248768999 0.013969171483622311
1 0.517576536073646 0.8497109826589595 0.025347891243844994 0.10886319845857417
1 0.7433097837722116 0.9296724470134875 0.17263969171483623 0.015414258188824581
0 0.37096981374438026 0.282514450867052 0.08015414258188827 0.05539499036608864
0 0.2123742239349176 0.5019267822736031 0.08220937700706489 0.06069364161849711
0 0.19524727039177905 0.5869460500963392 0.07124812673945624 0.041907514450867156
0 0.29458360094198244 0.5544315992292871 0.08494968957396701 0.050096339113680166
0 0.22128023977734962 0.6861753371868978 0.06713765788910296 0.0525048169556841
0 0.345964461571398 0.676300578034682 0.06850781417255405 0.05780346820809257
0 0.20792121601370156 0.8176782273603083 0.07604367373153499 0.05539499036608864
0 0.20792121601370156 0.9578516377649325 0.08152429886533934 0.06599229287090558
0 0.6463712267180475 0.7569845857418112 0.07741383001498608 0.12475915221579958
0 0.8169556840077072 0.2842003853564547 0.08152429886533936 0.07129094412331405