2 0.10104166666666667 0.672607421875 0.20208333333333334 0.26123046875
2 0.42291666666666666 0.668212890625 0.38263888888888886 0.236328125
2 0.8079861111111111 0.665283203125 0.3840277777777778 0.23779296875
2 0.13472222222222222 0.364501953125 0.13958333333333334 0.26220703125
2 0.615625 0.358154296875 0.76875 0.24267578125
1 0.21979166666666666 0.72705078125 0.027083333333333334 0.1025390625
1 0.22430555555555556 0.642578125 0.029166666666666667 0.05126953125
1 0.3545138888888889 0.487548828125 0.1798611111111111 0.01953125
1 0.22430555555555556 0.3896484375 0.024305555555555556 0.1533203125
1 0.5767361111111111 0.488525390625 0.052083333333333336 0.01123046875
1 0.5826388888888889 0.796875 0.04583333333333333 0.0205078125
1 0.9604166666666667 0.796875 0.07916666666666666 0.0185546875
1 0.9597222222222223 0.487548828125 0.08055555555555556 0.01806640625
0 0.190625 0.5908203125 0.07847222222222222 0.05615234375
0 0.5027777777777778 0.7021484375 0.08611111111111111 0.0576171875
0 0.6236111111111111 0.71435546875 0.059722222222222225 0.05029296875
0 0.5774305555555556 0.64453125 0.07152777777777777 0.0595703125
0 0.7649305555555556 0.696044921875 0.075 0.04736328125
0 0.7506944444444444 0.6083984375 0.08194444444444444 0.04833984375
0 0.9517361111111111 0.705322265625 0.07847222222222222 0.0537109375
0 0.865625 0.39697265625 0.17777777777777778 0.05419921875
0 0.19305555555555556 0.277099609375 0.10138888888888889 0.05712890625