2 0.9262048192771084 0.31342872867363786 0.14759036144578314 0.28343423225096315
2 0.9167921686746988 0.6618051733626857 0.14759036144578314 0.2872867363786461
2 0.6325301204819277 0.2468354430379747 0.4239457831325301 0.14309301045679693
2 0.23644578313253012 0.24435883324160704 0.3667168674698795 0.12933406714364337
2 0.02635542168674699 0.23115024766097964 0.05271084337349398 0.10346725371491469
2 0.41490963855421686 0.3159053384700055 0.8298192771084337 0.2729774353329664
0 0.545933734939759 0.34369840396257567 0.07906626506024096 0.05393505778756191
2 0.4126506024096386 0.6541001651073197 0.8253012048192772 0.26252063841496975
2 0.2161144578313253 0.6015410016510732 0.11671686746987951 0.14474408365437536
2 0.0783132530120482 0.6309851403412218 0.1566265060240964 0.20528343423225096
2 0.6705572289156626 0.375894331315355 0.3253012048192771 0.12052834342322509
0 0.8734939759036144 0.57347275729224 0.08960843373493976 0.06108970831040176
0 0.8712349397590361 0.2267473858007705 0.08810240963855422 0.06989543203082003
0 0.46987951807228917 0.28425976884975235 0.08960843373493976 0.07044578976334617
0 0.2895331325301205 0.24903687396807925 0.08132530120481928 0.05393505778756191
0 0.09337349397590361 0.2526141992294992 0.07756024096385543 0.05118326912493121
0 0.26543674698795183 0.34204733076499727 0.08132530120481928 0.0550357732526142
0 0.41603915662650603 0.36075949367088606 0.07228915662650602 0.0550357732526142
0 0.08019578313253012 0.35277930654925704 0.07379518072289157 0.04788112272977435
0 0.16189759036144577 0.6956521739130435 0.1664156626506024 0.06219042377545404
1 0.8429969879518072 0.28233351678591084 0.022590361445783132 0.04788112272977435
1 0.8392319277108434 0.3695652173913043 0.018072289156626505 0.1100715465052284
1 0.8384789156626506 0.6920748486516236 0.0286144578313253 0.1651073197578426
1 0.6927710843373494 0.7982938910291689 0.18298192771084337 0.020913593835993397
1 0.4604668674698795 0.7982938910291689 0.05120481927710843 0.020913593835993397
1 0.056852409638554216 0.7974683544303798 0.11370481927710843 0.017611447440836543