2 0.07341867469879518 0.686020913593836 0.14683734939759036 0.28343423225096315
2 0.0832078313253012 0.33819482663731426 0.14759036144578314 0.2872867363786461
2 0.3674698795180723 0.7531645569620253 0.4239457831325301 0.14309301045679693
2 0.7635542168674698 0.755641166758393 0.3667168674698795 0.12933406714364337
2 0.9732680722891566 0.7682993946064942 0.053463855421686746 0.10346725371491469
2 0.5847138554216867 0.6835443037974683 0.8305722891566265 0.2729774353329664
0 0.45406626506024095 0.6563015960374243 0.07906626506024096 0.05393505778756191
2 0.5869728915662651 0.3453494771601541 0.8260542168674698 0.26252063841496975
2 0.7838855421686747 0.3984589983489268 0.11671686746987951 0.14474408365437536
2 0.9213102409638554 0.3684645019262521 0.15737951807228914 0.20528343423225096
2 0.32944277108433734 0.624105668684645 0.3253012048192771 0.12052834342322509
0 0.12650602409638553 0.42652724270776005 0.08960843373493976 0.06108970831040176
0 0.12876506024096385 0.7732526141992295 0.08810240963855422 0.06989543203082003
0 0.5301204819277109 0.7157402311502477 0.08960843373493976 0.07044578976334617
0 0.7104668674698795 0.7509631260319207 0.08132530120481928 0.05393505778756191
0 0.9066265060240963 0.7473858007705009 0.07756024096385543 0.05118326912493121
0 0.7345632530120482 0.6579526692350027 0.08132530120481928 0.0550357732526142
0 0.583960843373494 0.6392405063291139 0.07228915662650602 0.0550357732526142
0 0.9198042168674698 0.647220693450743 0.07379518072289157 0.04788112272977435
0 0.8381024096385542 0.30434782608695654 0.1664156626506024 0.06219042377545404
1 0.15700301204819278 0.7176664832140892 0.022590361445783132 0.04788112272977435
1 0.16076807228915663 0.6304347826086957 0.018072289156626505 0.1100715465052284
1 0.1615210843373494 0.30792515134837645 0.0286144578313253 0.1651073197578426
1 0.3072289156626506 0.20170610897083105 0.18298192771084337 0.020913593835993397
1 0.5395331325301205 0.20170610897083105 0.05120481927710843 0.020913593835993397
1 0.9427710843373494 0.2019812878370941 0.1144578313253012 0.017611447440836543