2 0.7011834319526628 0.585966201322557 0.24690693921463153 0.8280675973548861
2 0.7071005917159763 0.09147685525349009 0.2759548144163529 0.14033798677443057
2 0.38999462076385155 0.07935341660543718 0.27649273803119956 0.15870683321087437
2 0.44351802044109734 0.36590742101396034 0.13179128563743947 0.38795003673769285
2 0.44351802044109734 0.612417340191036 0.13609467455621302 0.09184423218221896
2 0.4413663259817106 0.8317413666421749 0.13932221624529317 0.33651726671565024
2 0.3130715438407746 0.8592946362968406 0.11511565357719204 0.2814107274063189
2 0.2877891339429801 0.5451873622336517 0.05379236148466918 0.19544452608376195
2 0.3230231307154384 0.4147685525349008 0.12318450779989241 0.47538574577516535
2 0.19499731038192578 0.9261572373254959 0.09521247982786445 0.14768552534900808
0 0.22673480365788057 0.9709772226304189 0.06401291016675632 0.05804555473916238
0 0.23292092522861754 0.5374724467303453 0.055944055944055944 0.07274063188831742
0 0.3442711135018827 0.41550330639235855 0.054868208714362564 0.07861866274797942
0 0.4039806347498655 0.4904481998530492 0.055944055944055944 0.0683321087435709
0 0.3410435718128026 0.5374724467303453 0.05379236148466918 0.07861866274797942
0 0.3378160301237224 0.6811168258633358 0.047337278106508875 0.06612784717119764
0 0.3458848843464228 0.75165319617928 0.055944055944055944 0.07053637031594416
0 0.44163528778913397 0.8791329904481998 0.04303388918773534 0.0653930933137399
0 0.44405594405594406 0.6976487876561352 0.047875201721355565 0.07421013960323292
0 0.47525551371705216 0.12637766348273327 0.056481979558902634 0.07053637031594416
0 0.7856374394835933 0.1399706098457017 0.0521785906401291 0.07714915503306392
0 0.657073695535234 0.8082292432035268 0.05755782678859602 0.15429831006612785
1 0.25228617536309844 0.30345334313005146 0.01613770844540075 0.1734019103600294
1 0.25551371705217857 0.9008082292432035 0.02151694459386767 0.0867009551800147
1 0.5648197955890264 0.9268919911829537 0.02151694459386767 0.1462160176340926
1 0.5677783754706832 0.5495958853783982 0.02097902097902098 0.04996326230712711
1 0.5642818719741797 0.3056576047024247 0.02689618074233459 0.1734019103600294
1 0.8327057557826789 0.443791329904482 0.027972027972027972 0.05437178545187362