2 0.2520491803278688 0.9211538461538461 0.2300936768149883 0.1576923076923077
2 0.22189695550351288 0.7815384615384615 0.16627634660421545 0.11692307692307692
2 0.2892271662763466 0.4173076923076923 0.2997658079625293 0.5961538461538461
2 0.4060304449648712 0.8303846153846154 0.0661592505854801 0.3392307692307692
2 0.2903981264637002 0.04692307692307692 0.319672131147541 0.09384615384615384
2 0.6405152224824356 0.04692307692307692 0.319672131147541 0.09384615384615384
2 0.5608899297423887 0.345 0.15456674473067916 0.4346153846153846
2 0.5638173302107728 0.7815384615384615 0.14637002341920374 0.4369230769230769
2 0.680327868852459 0.7273076923076923 0.0702576112412178 0.5084615384615384
2 0.7131147540983607 0.2980769230769231 0.14402810304449648 0.34692307692307695
2 0.7546838407494145 0.7384615384615385 0.06206088992974239 0.5230769230769231
1 0.6042154566744731 0.11846153846153847 0.06440281030444965 0.023076923076923078
1 0.705503512880562 0.11307692307692307 0.11943793911007025 0.02923076923076923
1 0.44701405152224827 0.9488461538461539 0.022833723653395786 0.10230769230769231
1 0.44642857142857145 0.5165384615384615 0.024004683840749413 0.06846153846153846
1 0.44584309133489464 0.26153846153846155 0.020491803278688523 0.19538461538461538
1 0.32494145199063235 0.10884615384615384 0.1873536299765808 0.022307692307692306
1 0.8375292740046838 0.9465384615384616 0.06498829039812647 0.10692307692307693
0 0.6832552693208431 0.9376923076923077 0.0585480093676815 0.0876923076923077
0 0.6697892271662763 0.7296153846153847 0.07377049180327869 0.09153846153846154
0 0.6876463700234192 0.5773076923076923 0.06147540983606557 0.07615384615384616
0 0.6741803278688525 0.4288461538461538 0.05562060889929742 0.09
0 0.6086065573770492 0.5184615384615384 0.0661592505854801 0.08307692307692308
0 0.5676229508196722 0.713076923076923 0.0661592505854801 0.09538461538461539
0 0.5670374707259953 0.9261538461538461 0.05444964871194379 0.07230769230769231
0 0.3366510538641686 0.8780769230769231 0.07142857142857142 0.08538461538461538
0 0.3372365339578454 0.7926923076923077 0.06440281030444965 0.08384615384615385
0 0.1952576112412178 0.07115384615384615 0.057962529274004686 0.09615384615384616
0 0.539519906323185 0.085 0.06733021077283373 0.09769230769230769
1 0.7939110070257611 0.9484615384615385 0.01873536299765808 0.09692307692307692
1 0.792447306791569 0.52 0.026346604215456676 0.047692307692307694
1 0.6021662763466042 0.10961538461538461 0.05562060889929742 0.023846153846153847
1 0.7016978922716628 0.11576923076923076 0.1211943793911007 0.02846153846153846