2 0.33284564740307243 0.9376430205949656 0.23408924652523774 0.12471395881006865
2 0.33686905632772496 0.6138443935926774 0.23555230431602048 0.4919908466819222
2 0.3357717629846379 0.17620137299771166 0.23408924652523774 0.3524027459954233
2 0.5991221653255303 0.8352402745995423 0.2655449890270666 0.2803203661327231
2 0.6005852231163131 0.33867276887871856 0.2794440380395026 0.6773455377574371
1 0.2125091441111924 0.9662471395881007 0.016825164594001463 0.06750572082379863
1 0.21543525969275787 0.7288329519450801 0.013167520117044623 0.10640732265446225
1 0.21580102414045355 0.477116704805492 0.013899049012435992 0.20938215102974828
0 0.43269934162399415 0.9262013729977117 0.06437454279444038 0.09153318077803203
0 0.43489392831016827 0.7379862700228833 0.06583760058522312 0.09954233409610984
0 0.4195318215069495 0.31178489702517165 0.06583760058522312 0.12814645308924486
0 0.49561082662765177 0.6464530892448512 0.05998536942209217 0.10640732265446225
0 0.5109729334308705 0.9508009153318078 0.04242867593269934 0.09038901601830664
0 0.5731528895391368 0.9496567505720824 0.0570592538405267 0.09496567505720824
0 0.703730797366496 0.9450800915331807 0.05998536942209217 0.10983981693363844
0 0.7648134601316752 0.8443935926773455 0.06876371616678859 0.10411899313501144