2 0.6664228237015362 0.06178489702517163 0.23408924652523774 0.12356979405034325
2 0.6631309436722751 0.38615560640732266 0.23555230431602048 0.4919908466819222
2 0.6634967081199707 0.8232265446224256 0.23408924652523774 0.35354691075514877
2 0.40087783467446964 0.16475972540045766 0.2655449890270666 0.2803203661327231
2 0.3986832479882955 0.6607551487414187 0.2794440380395026 0.6784897025171625
1 0.7867593269934162 0.03318077803203661 0.016825164594001463 0.06636155606407322
1 0.7845647403072421 0.2711670480549199 0.013167520117044623 0.10640732265446225
1 0.7841989758595465 0.522883295194508 0.013899049012435992 0.20938215102974828
0 0.5673006583760059 0.07379862700228833 0.06437454279444038 0.09153318077803203
0 0.5651060716898317 0.2620137299771167 0.06583760058522312 0.09954233409610984
0 0.5804681784930504 0.6882151029748284 0.06583760058522312 0.12814645308924486
0 0.5043891733723482 0.35354691075514877 0.05998536942209217 0.10640732265446225
0 0.4890270665691295 0.04919908466819222 0.04242867593269934 0.09038901601830664
0 0.4268471104608632 0.05034324942791762 0.0570592538405267 0.09496567505720824
0 0.2955376737381127 0.05434782608695652 0.05998536942209217 0.10869565217391304
0 0.2351865398683248 0.15560640732265446 0.06876371616678859 0.10411899313501144