2 0.26928953399541633 0.8531810766721044 0.2750190985485103 0.19494290375203915
2 0.26585179526355995 0.6256117455138662 0.2727272727272727 0.23898858075040783
2 0.2689075630252101 0.19738988580750408 0.27883880825057294 0.26182707993474713
2 0.23147440794499619 0.41802610114192496 0.20397249809014514 0.15171288743882544
2 0.5527119938884645 0.6398858075040783 0.26737967914438504 0.6052202283849919
2 0.3792971734148205 0.4196574225122349 0.08403361344537816 0.14518760195758565
2 0.5576776165011459 0.2663132137030995 0.2666157372039725 0.12234910277324633
2 0.799083269671505 0.6023654159869495 0.19938884644766997 0.3539967373572594
2 0.8185637891520244 0.8731647634584013 0.2108479755538579 0.1631321370309951
1 0.5882352941176471 0.9620717781402937 0.21161191749427044 0.02773246329526917
1 0.11841100076394194 0.8246329526916802 0.026737967914438502 0.12479608482871125
1 0.11497326203208556 0.5721859706362153 0.025974025974025976 0.11256117455138662
1 0.11917494270435447 0.4433115823817292 0.02826585179526356 0.048939641109298535
1 0.3246753246753247 0.05831973898858075 0.12605042016806722 0.02773246329526917
1 0.7769289533995416 0.7838499184339315 0.09702062643239114 0.020391517128874388
1 0.5817417876241405 0.9616639477977161 0.2047364400305577 0.0367047308319739
0 0.706646294881589 0.8425774877650897 0.12146676852559206 0.06769983686786298
0 0.7226890756302521 0.4624796084828711 0.07563025210084033 0.06606851549755302
0 0.6688311688311688 0.37398042414355626 0.0718105423987777 0.06851549755301795
0 0.6061879297173415 0.3658238172920065 0.04736440030557677 0.06199021207177814
0 0.5572956455309397 0.3046492659053834 0.04736440030557677 0.04404567699836868
0 0.3739495798319328 0.3075040783034258 0.06722689075630252 0.08238172920065252
0 0.3586707410236822 0.43882544861337686 0.05042016806722689 0.04812398042414356
0 0.3739495798319328 0.5350734094616639 0.06417112299465241 0.08075040783034258
0 0.21161191749427044 0.5244698205546493 0.054239877769289534 0.06769983686786298