1 0.8780975219824141 0.04966248794599807 0.023181454836131096 0.09932497589199614
1 0.8772981614708233 0.3674059787849566 0.02158273381294964 0.17743490838958534
1 0.7142286171063149 0.630665380906461 0.029576338928856916 0.15814850530376084
2 0.5891286970423661 0.3153326904532305 0.5275779376498801 0.3471552555448409
2 0.5055955235811351 0.633076181292189 0.3749000799360512 0.274831243972999
2 0.8073541167066347 0.6248794599807136 0.1518784972022382 0.25843780135004824
2 0.3437250199840128 0.06702025072324011 0.25259792166266987 0.13404050144648022
2 0.6019184652278178 0.0699132111861138 0.23661071143085532 0.1398264223722276
2 0.7913669064748201 0.0665380906460945 0.12629896083133493 0.133076181292189
0 0.16706634692246203 0.05255544840887175 0.1135091926458833 0.1051108968177435
0 0.4416466826538769 0.08968177434908389 0.08872901678657075 0.07714561234329798
0 0.6826538768984812 0.08775313404050145 0.09112709832134293 0.08871745419479267
0 0.7781774580335732 0.5636451301832208 0.08553157474020784 0.13211186113789777
0 0.6474820143884892 0.5284474445515911 0.07034372501998401 0.09643201542912247