2 0.1482427561722716 0.07709251101321586 0.18232473562870039 0.11573888666399682
2 0.7791750100120144 0.24469363235883063 0.3779497559233243 0.44052863436123346
2 0.42117568108757536 0.38225871045254306 0.3125566896492006 0.1694032839407289
2 0.40759830715777856 0.15158189827793356 0.3286278669538582 0.24629555466559874
2 0.29537715528904956 0.2280736884261113 0.10972734849386832 0.08930716860232277
2 0.1482427561722716 0.20584701641970365 0.19008323501715574 0.13135762915498594
2 0.16736191537953649 0.6423708450140169 0.2172379828767494 0.24669603524229067
2 0.41535680654623386 0.8774529435322387 0.30424401173299853 0.17460953143772517
2 0.3358321878145667 0.5552663195835001 0.10751063438288105 0.06768121746095312
2 0.43586141207286583 0.553464156988386 0.06373053069088305 0.07288746495794962
2 0.5206507268181277 0.5550660792951542 0.08811438591174271 0.06968362034441333
2 0.36769745316000824 0.643572286744093 0.1579408804078407 0.09851822186623949
2 0.5148318522767862 0.6459751702042451 0.10196884910541304 0.0953143772527032
2 0.45858273171048497 0.7332799359231077 0.2144670902380154 0.0688826591910292
2 0.31588176081568153 0.7312775330396476 0.04876771044171925 0.07288746495794962
2 0.16375975494918224 0.644373247897477 0.21003366201604087 0.2362835402482979
0 0.5746831332734417 0.12334801762114538 0.13078613254824709 0.046455746896275546
0 0.21502126876576214 0.118342010412495 0.059851280996655445 0.0276331597917501
0 0.22139432183485044 0.1619943932719263 0.07259738713483205 0.034841810172206666
0 0.2939917089696825 0.16539847817380857 0.043780103691997925 0.02563075690828992
0 0.21917760772386322 0.24649579495394472 0.04821353191397247 0.03003604325190229
0 0.253259587180292 0.6427713255907088 0.07647663682905974 0.08730476571886259
0 0.3690828994793752 0.6033239887865438 0.049876067497212885 0.04525430516619933
0 0.42477784151792963 0.6073287945534641 0.05264696013594686 0.03083700440528636
0 0.4912792648475468 0.6065278334000801 0.043780103691997925 0.03083700440528636
0 0.4281029126844105 0.6475770925110133 0.0626221736353895 0.026431718061673992
0 0.514000584485166 0.7082498998798559 0.05264696013594686 0.04525430516619933
0 0.41618807433785404 0.7995594713656388 0.06650142332961717 0.05326391670003994
0 0.31588176081568153 0.7985582699239087 0.059851280996655445 0.05126151381657995
0 0.31449631449631454 0.7220664797757309 0.07148903007933846 0.04805766920304366
1 0.050984424552706485 0.09391269523428114 0.029925640498327723 0.04925911093311974
1 0.0515386030804533 0.19563476171405686 0.019950426998885145 0.059671605927112514
1 0.050984424552706485 0.5849018822587104 0.021058784054378773 0.04124949939927913
1 0.05043024602495968 0.6922306768121747 0.019950426998885145 0.05246295554665603
1 0.5852125253006311 0.06688025630756908 0.02992564049832776 0.06247496996395674
1 0.5821645433980236 0.19483380056067282 0.027154747859593636 0.10052062474969964