2 0.22567567567567567 0.298095703125 0.45135135135135135 0.27294921875
2 0.33716216216216216 0.556884765625 0.23445945945945945 0.22607421875
2 0.09391891891891892 0.56689453125 0.18783783783783783 0.2373046875
2 0.12364864864864865 0.64794921875 0.12364864864864865 0.0791015625
2 0.0929054054054054 0.754150390625 0.18175675675675676 0.13720703125
2 0.6969594594594595 0.740478515625 0.34121621621621623 0.1572265625
2 0.9506756756756757 0.56103515625 0.09864864864864865 0.2197265625
2 0.5763513513513514 0.61865234375 0.09391891891891892 0.07763671875
2 0.5739864864864865 0.54638671875 0.10067567567567567 0.0458984375
2 0.5763513513513514 0.485107421875 0.09662162162162162 0.0634765625
2 0.6986486486486486 0.595703125 0.13648648648648648 0.1142578125
2 0.702027027027027 0.4892578125 0.13175675675675674 0.07373046875
2 0.822972972972973 0.530029296875 0.09527027027027027 0.15478515625
2 0.8199324324324324 0.633056640625 0.10067567567567567 0.03515625
2 0.6996621621621621 0.742919921875 0.327027027027027 0.15185546875
0 0.032432432432432434 0.701416015625 0.047972972972972976 0.05224609375
0 0.03682432432432432 0.64892578125 0.03513513513513514 0.03173828125
0 0.14932432432432433 0.702880859375 0.041891891891891894 0.03466796875
0 0.6976351351351351 0.67822265625 0.12094594594594595 0.05517578125
0 0.6429054054054054 0.5947265625 0.06283783783783783 0.0361328125
0 0.6486486486486487 0.554443359375 0.04256756756756757 0.0380859375
0 0.6472972972972973 0.50634765625 0.04256756756756757 0.03173828125
0 0.7040540540540541 0.552001953125 0.03648648648648649 0.04541015625
0 0.7881756756756757 0.489990234375 0.06283783783783783 0.0380859375
0 0.914527027027027 0.560546875 0.07364864864864865 0.0478515625
0 0.9131756756756757 0.633056640625 0.07094594594594594 0.04345703125
0 0.8074324324324325 0.634033203125 0.06621621621621622 0.0517578125
1 0.07871621621621622 0.823974609375 0.08243243243243244 0.0146484375
1 0.6175675675675676 0.824462890625 0.05675675675675676 0.01513671875
1 0.7658783783783784 0.824951171875 0.0722972972972973 0.0146484375
1 0.0777027027027027 0.440673828125 0.13918918918918918 0.01953125