2 0.34816053511705686 0.28164556962025317 0.25217391304347825 0.5632911392405063
2 0.29431438127090304 0.6904008438818565 0.14381270903010032 0.22573839662447256
2 0.34381270903010036 0.9145569620253164 0.25016722408026754 0.17088607594936708
2 0.5167224080267558 0.7136075949367089 0.2836120401337793 0.270042194092827
2 0.5688963210702341 0.8823839662447257 0.1826086956521739 0.23523206751054854
2 0.7210702341137124 0.9530590717299579 0.11237458193979934 0.0938818565400844
0 0.4408026755852843 0.9008438818565401 0.04749163879598662 0.10443037974683544
0 0.39297658862876256 0.640295358649789 0.06555183946488294 0.08544303797468354
0 0.4434782608695652 0.5327004219409283 0.04882943143812709 0.10443037974683544
0 0.6936454849498328 0.6228902953586498 0.07290969899665552 0.09282700421940929
0 0.6846153846153846 0.9794303797468354 0.05016722408026756 0.04113924050632911