2 0.6511705685618729 0.7178270042194093 0.25217391304347825 0.5643459915611815
2 0.705685618729097 0.3095991561181435 0.14381270903010032 0.22573839662447256
2 0.6555183946488294 0.084915611814346 0.25016722408026754 0.169831223628692
2 0.48327759197324416 0.28639240506329117 0.2836120401337793 0.270042194092827
2 0.43043478260869567 0.11708860759493671 0.1826086956521739 0.23417721518987342
2 0.2782608695652174 0.046413502109704644 0.11237458193979934 0.09282700421940929
0 0.5591973244147157 0.09915611814345991 0.04749163879598662 0.10443037974683544
0 0.6070234113712375 0.35970464135021096 0.06555183946488294 0.08544303797468354
0 0.5565217391304348 0.46729957805907174 0.04882943143812709 0.10443037974683544
0 0.3063545150501672 0.3771097046413502 0.07290969899665552 0.09282700421940929
0 0.3147157190635452 0.020042194092827006 0.05016722408026756 0.04008438818565401