2 0.13691275167785236 0.6006410256410256 0.2738255033557047 0.18717948717948718
2 0.0825503355704698 0.40673076923076923 0.1651006711409396 0.19038461538461537
2 0.276510067114094 0.36185897435897435 0.20268456375838925 0.08846153846153847
2 0.5510067114093959 0.36185897435897435 0.2979865771812081 0.09230769230769231
2 0.32416107382550335 0.46121794871794874 0.30335570469798656 0.09615384615384616
2 0.6 0.46057692307692305 0.16778523489932887 0.09358974358974359
2 0.4906040268456376 0.6089743589743589 0.39731543624161075 0.17243589743589743
2 0.7859060402684563 0.4814102564102564 0.15302013422818792 0.13653846153846153
0 0.5369127516778524 0.47596153846153844 0.12751677852348994 0.047435897435897434
0 0.4154362416107383 0.5262820512820513 0.08859060402684564 0.04807692307692308
0 0.42885906040268457 0.38269230769230766 0.10201342281879194 0.04423076923076923
0 0.4557046979865772 0.4326923076923077 0.0697986577181208 0.04807692307692308
0 0.7442953020134229 0.4705128205128205 0.11275167785234899 0.03653846153846154
1 0.7073825503355705 0.6176282051282052 0.038926174496644296 0.1076923076923077
1 0.7100671140939597 0.382051282051282 0.028187919463087248 0.0391025641025641