2 0.5142594296228151 0.10946745562130178 0.43054277828886844 0.21893491124260356
2 0.5731370745170193 0.3572485207100592 0.3155473781048758 0.21893491124260356
2 0.5735970561177552 0.6605029585798816 0.31646734130634774 0.34023668639053256
2 0.3518859245630175 0.533284023668639 0.10855565777368906 0.606508875739645
2 0.6766329346826127 0.9334319526627219 0.10947562097516099 0.13313609467455623
2 0.4549218031278749 0.9260355029585798 0.31002759889604414 0.14792899408284024
0 0.6108555657773689 0.9556213017751479 0.14167433302667892 0.08875739644970414
0 0.3827046918123275 0.371301775147929 0.07451701931922723 0.11094674556213018
0 0.3624655013799448 0.1863905325443787 0.078196872125115 0.15828402366863906
0 0.3721251149954002 0.8764792899408284 0.062557497700092 0.12130177514792899
0 0.6508739650413984 0.39644970414201186 0.05335786568537258 0.06360946745562131
1 0.7359705611775529 0.6937869822485208 0.021159153633854646 0.1819526627218935
1 0.7364305427782889 0.35502958579881655 0.020239190432382703 0.15828402366863906
1 0.7318307267709292 0.07840236686390532 0.02483900643974241 0.15680473372781065