2 0.49881516587677727 0.102294921875 0.18424170616113744 0.15380859375
2 0.6774289099526066 0.1103515625 0.16765402843601895 0.17431640625
2 0.5876777251184834 0.22705078125 0.3590047393364929 0.0869140625
2 0.29324644549763035 0.51513671875 0.2837677725118483 0.26123046875
2 0.8237559241706162 0.37841796875 0.10900473933649289 0.15185546875
2 0.8332345971563981 0.544189453125 0.11611374407582939 0.1748046875
2 0.8453791469194313 0.756591796875 0.15106635071090047 0.26416015625
2 0.6475118483412322 0.88037109375 0.533175355450237 0.1083984375
2 0.1643957345971564 0.731201171875 0.1854265402843602 0.181640625
2 0.4158767772511848 0.7353515625 0.3246445497630332 0.1689453125
2 0.6735781990521327 0.736328125 0.17535545023696683 0.18115234375
2 0.5085900473933649 0.51025390625 0.1368483412322275 0.25
2 0.6478080568720379 0.605712890625 0.12914691943127962 0.06884765625
2 0.7420023696682464 0.606201171875 0.06457345971563981 0.0595703125
2 0.6753554502369669 0.5302734375 0.19253554502369669 0.1005859375
2 0.6220379146919431 0.434814453125 0.09300947867298578 0.08349609375
2 0.7180094786729858 0.429443359375 0.09182464454976304 0.08837890625
0 0.47956161137440756 0.161865234375 0.04265402843601896 0.04150390625
1 0.4982227488151659 0.02099609375 0.13151658767772512 0.0107421875
1 0.6883886255924171 0.025390625 0.09656398104265403 0.01708984375
1 0.9241706161137441 0.76123046875 0.014218009478672985 0.22509765625
1 0.19786729857819904 0.82763671875 0.07227488151658767 0.01806640625
1 0.3222748815165877 0.82763671875 0.06042654028436019 0.01416015625
1 0.490521327014218 0.39013671875 0.08234597156398105 0.009765625
1 0.5995260663507109 0.386474609375 0.021919431279620854 0.0107421875
1 0.15106635071090047 0.4140625 0.016587677725118485 0.05712890625
0 0.6238151658767772 0.180908203125 0.06042654028436019 0.04345703125
0 0.6161137440758294 0.224609375 0.06042654028436019 0.041015625
0 0.4164691943127962 0.55859375 0.04739336492890995 0.0380859375
0 0.5547985781990521 0.546630859375 0.05390995260663507 0.0380859375
0 0.6217417061611374 0.564453125 0.03850710900473934 0.0283203125
0 0.6664691943127962 0.56298828125 0.04561611374407583 0.0341796875
0 0.6877962085308057 0.45458984375 0.04917061611374408 0.0380859375
0 0.6949052132701422 0.494873046875 0.04739336492890995 0.046875
0 0.8178317535545023 0.473388671875 0.0462085308056872 0.04443359375
0 0.7837677725118484 0.54052734375 0.045023696682464455 0.0361328125
0 0.7908767772511849 0.59619140625 0.05390995260663507 0.03515625
0 0.8415284360189573 0.91259765625 0.129739336492891 0.06494140625
0 0.428021327014218 0.845703125 0.06042654028436019 0.04736328125
0 0.5959715639810427 0.701904296875 0.04917061611374408 0.04052734375
0 0.5470971563981043 0.736328125 0.04383886255924171 0.0439453125
0 0.4262440758293839 0.771484375 0.061611374407582936 0.05615234375
0 0.14899289099526067 0.564453125 0.09774881516587677 0.06494140625