2 0.4989148248217212 0.10237892948173322 0.18451601992373573 0.15378079864061173
2 0.6775036541613146 0.11045029736618522 0.16750755998663153 0.17417162276975362
2 0.5878226835838565 0.2270603228547154 0.35923929018671447 0.08708581138487681
2 0.2932670819458258 0.5150807136788446 0.28347433228506885 0.2612574341546304
2 0.8236217872573457 0.37850467289719625 0.10926646989897214 0.15208156329651656
2 0.8331568329796615 0.5441801189464741 0.11596677229843724 0.17502124044180123
2 0.8455266220248282 0.7565845369583688 0.1510145079264093 0.26423109600679684
2 0.647609997302162 0.8804163126593033 0.5334471525728115 0.10832625318606626
2 0.16441511272533996 0.7310960067969414 0.18554683567749966 0.18181818181818188
2 0.4159341566437283 0.7353440951571792 0.32470696243562436 0.1690739167374682
2 0.6736380950847 0.7364061172472387 0.17523867813986083 0.18139337298215796
2 0.5084498705440371 0.510195412064571 0.13658308737371505 0.24978759558198815
2 0.6478677012406029 0.6057774001699235 0.1288519692204859 0.06881903143585388
2 0.7419296387715576 0.6062022090059473 0.06442598461024295 0.05947323704333041
2 0.6754420226537868 0.530373831775701 0.1922471380769649 0.10067969413763805
2 0.6220973073965057 0.43479184367034834 0.09277341783874983 0.08368734069668649
2 0.7179631724965473 0.429481733220051 0.09174260208498597 0.08836023789294822
0 0.4795870294386484 0.16185216652506373 0.04277885378120135 0.04163126593033134
1 0.4981417130063983 0.02102803738317757 0.13142900860489556 0.01062022090059473
1 0.6883272195758354 0.02548853016142736 0.09638127297692349 0.01699235344095157
1 0.9241263232493245 0.7612574341546304 0.014431420552694392 0.22514868309260838
1 0.19791662472266627 0.8277400169923534 0.07215710276347209 0.018266779949023038
1 0.3223876269896556 0.8277400169923534 0.06030272159518738 0.014018691588784993
1 0.49066829879161017 0.3901869158878505 0.08246526030111093 0.00977060322854717
1 0.5994193608137002 0.38636363636363635 0.02164713082904159 0.010620220900594779
1 0.15101450792640944 0.4139762107051827 0.016493052060222172 0.05734919286321161
0 0.6239012349655925 0.18096856414613424 0.060302721595187445 0.0433305012744265
0 0.6161701168123633 0.22451146983857265 0.06030272159518731 0.041206457094307536
0 0.41644956452061027 0.5586236193712829 0.047417524673138735 0.03823279524214107
0 0.5548365794634121 0.5467289719626168 0.054117827072604104 0.03823279524214107
0 0.6218396034580648 0.5643585386576041 0.03865559076614572 0.0284621920135939
0 0.6664223848083528 0.5628717077315208 0.045355893165611026 0.03398470688190325
0 0.6878118116989534 0.45454545454545453 0.048963748303784624 0.03823279524214107
0 0.6947698180368598 0.4949022939677145 0.047417524673138874 0.04672897196261683
0 0.8179523006116443 0.47344944774851316 0.04638670891937495 0.044604927782497916
0 0.783677676798995 0.5405692438402719 0.0448404852887292 0.03610875106202216
0 0.7908933870753422 0.5962192013593883 0.05411782707260397 0.03525913338997455
0 0.8416610629482136 0.9127017841971113 0.1298827849742498 0.06499575191163975
0 0.428046241750454 0.8457943925233645 0.06030272159518738 0.047578589634664326
0 0.5960692096139677 0.7019966015293119 0.04896374830378469 0.04035683942225998
0 0.547105461310183 0.7364061172472387 0.04380966953496514 0.043755310110450196
0 0.4262423141813672 0.7714528462192014 0.061848945225833264 0.05607476635514019
0 0.14895287641888166 0.5643585386576041 0.09792749660756925 0.06499575191163975