2 0.05539099526066351 0.500732421875 0.11078199052132702 0.15185546875
2 0.06635071090047394 0.353759765625 0.13270142180094788 0.13818359375
2 0.16883886255924171 0.427734375 0.10545023696682465 0.2958984375
2 0.5183649289099526 0.67041015625 0.3169431279620853 0.23388671875
2 0.3524881516587678 0.233154296875 0.18424170616113744 0.08984375
2 0.5536137440758294 0.225341796875 0.21208530805687204 0.095703125
2 0.8113151658767772 0.21533203125 0.32049763033175355 0.12451171875
2 0.9478672985781991 0.37841796875 0.10426540284360189 0.439453125
2 0.7805094786729858 0.776611328125 0.22037914691943128 0.15283203125
2 0.7855450236966824 0.5693359375 0.20497630331753555 0.267578125
2 0.7867298578199052 0.35693359375 0.2197867298578199 0.14453125
2 0.5124407582938388 0.492919921875 0.3033175355450237 0.11279296875
2 0.6282582938388626 0.378173828125 0.0835308056872038 0.1064453125
2 0.628850710900474 0.300537109375 0.07227488151658767 0.05322265625
2 0.5367298578199052 0.35546875 0.12203791469194313 0.15869140625
2 0.4209123222748815 0.3994140625 0.10130331753554503 0.07666015625
2 0.4143957345971564 0.3203125 0.10722748815165876 0.07568359375
0 0.08975118483412323 0.516845703125 0.050355450236966824 0.03515625
1 0.8169431279620853 0.150390625 0.2731042654028436 0.01171875
1 0.8975118483412322 0.7490234375 0.021919431279620854 0.0595703125
1 0.8975118483412322 0.646484375 0.017180094786729858 0.0498046875
1 0.36670616113744076 0.5078125 0.011848341232227487 0.06787109375
1 0.36226303317535546 0.41796875 0.013033175355450236 0.01806640625
1 0.3957345971563981 0.78759765625 0.0693127962085308 0.013671875
0 0.11285545023696683 0.39794921875 0.052725118483412325 0.0498046875
0 0.16587677725118483 0.404296875 0.04976303317535545 0.0498046875
0 0.5710900473933649 0.56884765625 0.0462085308056872 0.0390625
0 0.5565758293838863 0.454833984375 0.0462085308056872 0.04443359375
0 0.5781990521327014 0.399658203125 0.034360189573459717 0.03173828125
0 0.5764218009478673 0.36279296875 0.041469194312796206 0.03759765625
0 0.44490521327014215 0.34521484375 0.0462085308056872 0.04052734375
0 0.4937796208530806 0.33935546875 0.05687203791469194 0.0390625
0 0.4677132701421801 0.238037109375 0.05390995260663507 0.0380859375
0 0.5491706161137441 0.26611328125 0.04383886255924171 0.037109375
0 0.6167061611374408 0.26025390625 0.04265402843601896 0.04443359375
0 0.9804502369668247 0.218505859375 0.03909952606635071 0.10693359375
0 0.919431279620853 0.559326171875 0.057464454976303314 0.0498046875
0 0.7449644549763034 0.4208984375 0.04917061611374408 0.04052734375
0 0.7867298578199052 0.461181640625 0.0533175355450237 0.0361328125
0 0.8293838862559242 0.560791015625 0.06812796208530805 0.05078125
0 0.5781990521327014 0.789306640625 0.07879146919431279 0.08056640625