2 0.6904761904761905 0.16800804828973842 0.2767857142857143 0.33601609657947684
2 0.6923363095238095 0.6167002012072434 0.2775297619047619 0.5613682092555332
2 0.6923363095238095 0.971327967806841 0.27455357142857145 0.05734406438631791
2 0.43638392857142855 0.8229376257545271 0.21800595238095238 0.35412474849094566
2 0.4341517857142857 0.5689134808853119 0.21800595238095238 0.13782696177062373
2 0.38504464285714285 0.41750503018108653 0.33110119047619047 0.15090543259557343
2 0.3229166666666667 0.16498993963782696 0.20535714285714285 0.3299798792756539
2 0.48586309523809523 0.10311871227364185 0.11160714285714286 0.2062374245472837
2 0.48474702380952384 0.28420523138833 0.1212797619047619 0.09154929577464789
1 0.6904761904761905 0.9220321931589537 0.26785714285714285 0.03722334004024145
0 0.5926339285714286 0.9507042253521126 0.07217261904761904 0.09859154929577464
0 0.5825892857142857 0.29124748490945673 0.06994047619047619 0.12173038229376258
0 0.5729166666666666 0.039235412474849095 0.06994047619047619 0.07847082494969819
0 0.1793154761904762 0.391851106639839 0.08333333333333333 0.09758551307847083
0 0.45163690476190477 0.36217303822937624 0.052083333333333336 0.0744466800804829