2 0.9455364455364456 0.5065231572080887 0.10892710892710893 0.5733855185909981
2 0.7178542178542179 0.273972602739726 0.29565929565929566 0.10567514677103718
2 0.6801801801801802 0.5619699934768428 0.3759213759213759 0.4481409001956947
2 0.4332514332514332 0.6307893020221788 0.10483210483210484 0.11089367253750815
2 0.28624078624078625 0.6761252446183953 0.38738738738738737 0.21330724070450097
2 0.2915642915642916 0.5136986301369864 0.4013104013104013 0.1141552511415525
2 0.41113841113841115 0.39367253750815395 0.16216216216216217 0.11024135681669928
2 0.4451269451269451 0.2746249184605349 0.2285012285012285 0.10437051532941943
2 0.2035217035217035 0.3382257012393999 0.22522522522522523 0.22504892367906065
2 0.028665028665028666 0.4954337899543379 0.05733005733005733 0.09328114807566862
2 0.028665028665028666 0.5971950424005219 0.05733005733005733 0.08023483365949119
1 0.8783783783783784 0.4200913242009132 0.030303030303030304 0.11741682974559686
1 0.8705978705978706 0.6493803000652316 0.029484029484029485 0.10110893672537508
1 0.4258804258804259 0.7951728636660144 0.10810810810810811 0.023483365949119372
1 0.07985257985257985 0.7263535551206785 0.03357903357903358 0.09458577951728636
1 0.07534807534807535 0.2922374429223744 0.027846027846027847 0.09784735812133072
0 0.9095004095004094 0.2964774951076321 0.085995085995086 0.06327462491846053
0 0.9111384111384111 0.5273972602739726 0.08108108108108109 0.06718851924331376
0 0.3628173628173628 0.4885844748858447 0.07698607698607698 0.0639269406392694
0 0.2325962325962326 0.6066536203522505 0.07862407862407862 0.07827788649706457
0 0.3493038493038493 0.6301369863013698 0.06306306306306306 0.04827136333985649
0 0.04463554463554464 0.49510763209393344 0.08763308763308764 0.06523157208088715
0 0.6027846027846028 0.29973907371167646 0.07207207207207207 0.05675146771037182
0 0.7076167076167076 0.3604044357469015 0.0819000819000819 0.07371167645140247
0 0.4864864864864865 0.294194390084801 0.07371007371007371 0.0639269406392694
0 0.27067977067977067 0.42857142857142855 0.08108108108108109 0.06653620352250489