2 0.461272040302267 0.7655875299760192 0.38476070528967254 0.46882494004796166
2 0.5204659949622166 0.31654676258992803 0.25377833753148615 0.41247002398081534
2 0.36933249370277077 0.05695443645083933 0.19458438287153654 0.11390887290167866
2 0.3350125944584383 0.2158273381294964 0.12846347607052896 0.19664268585131894
2 0.3501259445843829 0.4154676258992806 0.16120906801007556 0.19784172661870503
0 0.5957178841309824 0.23621103117505995 0.05037783375314862 0.11990407673860912
0 0.6555415617128464 0.2014388489208633 0.12720403022670027 0.11750599520383694
0 0.5062972292191436 0.06954436450839328 0.05793450881612091 0.13908872901678657
0 0.4386020151133501 0.0737410071942446 0.057304785894206546 0.1354916067146283
0 0.3642947103274559 0.2793764988009592 0.0535264483627204 0.1079136690647482
0 0.42663727959697734 0.23201438848920863 0.06234256926952141 0.11151079136690648