2 0.13440514469453377 0.3024003182645837 0.16977491961414792 0.1607131225121918
2 0.2310289389067524 0.2524852398241676 0.07106109324758844 0.06804566747034306
2 0.11511254019292605 0.47117148034563183 0.13183279742765275 0.1535504206732082
2 0.22893890675241158 0.464680281804053 0.112540192926045 0.16205612910700118
2 0.2598070739549839 0.3404521717841834 0.07202572347266878 0.09714414369121338
2 0.420096463022508 0.25629042517612755 0.2993569131832798 0.3102345234009719
2 0.3504823151125402 0.4657994539663943 0.10803858520900322 0.0855047532028653
2 0.36463022508038584 0.5591384123056476 0.04758842443729905 0.0734176938495807
2 0.717363344051447 0.19719813500451389 0.11704180064308689 0.18578257894863393
2 0.8020900321543408 0.15175974521346242 0.05434083601286166 0.1011731634756416
2 0.8011254019292605 0.2527090742566358 0.047266881028938945 0.0917721173119758
2 0.8948553054662379 0.2578572662034052 0.12604501607717045 0.3071008413464166
2 0.6903536977491962 0.3207547417269788 0.1569131832797428 0.05327259492743957
2 0.7508038585209004 0.35612058205695973 0.1569131832797428 0.11505089828867213
2 0.5078778135048232 0.6560587215643928 0.1411575562700964 0.1651898111615565
2 0.5017684887459807 0.8201293605636082 0.13151125401929264 0.15041673861865287
2 0.5511254019292605 0.8528091877039702 0.04051446945337611 0.08326640887818283
2 0.6231511254019293 0.8194578572662033 0.10353697749196145 0.1535504206732082
2 0.6292604501607717 0.6981395948684208 0.09710610932475894 0.07655137590413597
2 0.6184887459807074 0.6021146233395486 0.07427652733118961 0.06625499201059717
2 0.7157556270096463 0.6052483053941038 0.112540192926045 0.3071008413464166
2 0.8676848874598071 0.5457083463575536 0.18360128617363336 0.19607896284217263
2 0.8250803858520901 0.5846555376070263 0.08810289389067516 0.10117316347564165
2 0.8327974276527331 0.7055261311398725 0.12025723472668814 0.11281255396398981
2 0.9255627009646302 0.708883647626896 0.07106109324758836 0.11505089828867204
1 0.042765273311897105 0.3091153512386307 0.014790996784565913 0.0640166476859148
1 0.043569131832797425 0.44811653380140376 0.014469453376205782 0.06267364109110542
1 0.10739549839228296 0.5504088694393866 0.04887459807073956 0.0183544234623951
1 0.22733118971061095 0.5499612005744501 0.05723472668810292 0.03178448941048914
1 0.38376205787781353 0.09848715028602281 0.05498392282958198 0.016116079137712826
1 0.5162379421221865 0.07341769384958063 0.061414790996784596 0.017011416867585765
1 0.5771704180064309 0.21264271084482197 0.00836012861736335 0.08416174660805585
1 0.5782958199356913 0.3480625424881033 0.004823151125401992 0.054167932657312554
1 0.45514469453376205 0.4199133953104064 0.04598070739549842 0.017011416867585803
1 0.15980707395498392 0.21644789619678195 0.04372990353697748 0.012982397083157531
1 0.21607717041800645 0.21846240608899606 0.019935691318327953 0.01880209232733161
1 0.6564308681672026 0.136986672670559 0.009324758842443659 0.03312749600529859
1 0.6570739549839228 0.26636297463719805 0.010610932475884294 0.023278780976696313
1 0.9622186495176849 0.25897643836574635 0.014469453376205754 0.1768292016499046
1 0.9020900321543408 0.09915865358342751 0.05369774919614145 0.01924976119226808
1 0.9652733118971061 0.5660772797121629 0.016077170418006492 0.07028401179502537
1 0.9663987138263666 0.7066453033022135 0.010610932475884294 0.06580732314566075
1 0.432475884244373 0.6849333633527951 0.012861736334405127 0.06715032974047012
1 0.4310289389067524 0.8255013869428457 0.014469453376205754 0.045662224223519766
0 0.3334405144694534 0.09624880596134047 0.039871382636655905 0.1011731634756416
0 0.20546623794212218 0.31023452340097185 0.02572347266881031 0.04029019784428204
0 0.2969453376205788 0.31874023183476474 0.02540192926045015 0.03402283373517153
0 0.14758842443729903 0.4071548326597171 0.03151125401929261 0.048795906278074945
0 0.1982315112540193 0.4060356604973758 0.03311897106109324 0.046557561953392626
0 0.36784565916398715 0.5376503067886973 0.032154340836012874 0.051929588332630276
0 0.7244372990353698 0.12154209683025087 0.04758842443729905 0.04700523081832906
0 0.8451768488745981 0.15713177159270003 0.03440514469453371 0.03760418465466326
0 0.7594855305466238 0.2511422332293582 0.028295819935691302 0.0393948601144091
0 0.7565916398713827 0.31180136442824946 0.03215434083601276 0.04610989308845612
0 0.7368167202572348 0.3558967476244915 0.02926045016077161 0.038499522384536196
0 0.847427652733119 0.3644024560582844 0.03762057877813496 0.04029019784428208
0 0.8840836012861737 0.5873415507966451 0.038906752411575596 0.027755469626060944
0 0.7617363344051448 0.7104504886541736 0.031511254019292556 0.03491817146504447
0 0.8752411575562701 0.7411158059023216 0.039871382636655905 0.030889151680616275
0 0.5633440514469453 0.6885147142722867 0.045016077170418 0.03849952238453624
0 0.6139871382636656 0.6665789398903998 0.026688102893890564 0.045662224223519614
0 0.5982315112540193 0.760589401527058 0.02926045016077161 0.04387154876377373
0 0.45884244372990357 0.7626039114192721 0.0334405144694534 0.03984252897934553
0 0.4180064308681672 0.7849873546660955 0.036012861736334445 0.047900568548201926
0 0.5151125401929261 0.8478848301896691 0.032797427652733135 0.033127496005298435