2 0.134521484375 0.3025152957171992 0.169921875 0.16043507817811012
2 0.23095703125 0.25254928619986405 0.0712890625 0.06798096532970768
2 0.115234375 0.4711080897348742 0.1318359375 0.15363698164513936
2 0.22900390625 0.464649898028552 0.1123046875 0.1617946974847043
2 0.259765625 0.3405846363018355 0.072265625 0.09721278042148199
2 0.420166015625 0.256288239292998 0.29931640625 0.309993201903467
2 0.3505859375 0.46566961250849764 0.10791015625 0.08565601631543168
2 0.36474609375 0.5591434398368457 0.04736328125 0.07341944255608429
2 0.71728515625 0.19714479945615226 0.1171875 0.18558803535010196
2 0.802001953125 0.15159755268524813 0.05419921875 0.10129163834126445
2 0.801025390625 0.25254928619986405 0.04736328125 0.09177430319510536
2 0.894775390625 0.25798776342624063 0.1259765625 0.30727396329027873
2 0.6904296875 0.32087015635622024 0.15673828125 0.05302515295717199
2 0.750732421875 0.35622025832766824 0.15673828125 0.11488783140720599
2 0.5078125 0.6560163154316792 0.14111328125 0.16519374575118967
2 0.501708984375 0.8201903467029232 0.13134765625 0.150237933378654
2 0.551025390625 0.8528212100611828 0.04052734375 0.08293677770224338
2 0.623046875 0.8195105370496261 0.103515625 0.15363698164513936
2 0.629150390625 0.6981645139360979 0.09716796875 0.07681849082256968
2 0.618408203125 0.6019714479945615 0.07421875 0.06594153636981645
2 0.7158203125 0.6053704962610469 0.1123046875 0.30727396329027873
2 0.86767578125 0.5455472467709042 0.18359375 0.19578518014955812
2 0.8251953125 0.5846363018354861 0.087890625 0.10129163834126445
2 0.832763671875 0.7056424201223658 0.1201171875 0.11284840244731476
2 0.925537109375 0.7090414683888511 0.0712890625 0.11488783140720599
1 0.042724609375 0.30897348742352143 0.0146484375 0.06390210740992522
1 0.04345703125 0.4479945615227736 0.0146484375 0.06254248810333107
1 0.107421875 0.5503059143439837 0.048828125 0.018354860639021073
1 0.227294921875 0.5499660095173351 0.05712890625 0.03195105370496261
1 0.3837890625 0.09857239972807613 0.05517578125 0.016315431679129844
1 0.516357421875 0.07341944255608429 0.0615234375 0.01699524133242692
1 0.5771484375 0.21278042148198503 0.00830078125 0.08429639700883752
1 0.578369140625 0.3480625424881033 0.0048828125 0.054384772263766146
1 0.455078125 0.41978246091094495 0.0458984375 0.01699524133242692
1 0.159912109375 0.21651937457511897 0.0439453125 0.01291638341264446
1 0.216064453125 0.2185588035350102 0.02001953125 0.019034670292318152
1 0.656494140625 0.13698164513936098 0.00927734375 0.03331067301155676
1 0.656982421875 0.2664853840924541 0.0107421875 0.023113528212100613
1 0.962158203125 0.2590074779061863 0.0146484375 0.17675050985723997
1 0.902099609375 0.09925220938137322 0.0537109375 0.019034670292318152
1 0.96533203125 0.5659415363698165 0.01611328125 0.07002039428959891
1 0.96630859375 0.7066621346023113 0.0107421875 0.06594153636981645
1 0.432373046875 0.6849082256968049 0.0126953125 0.06730115567641061
1 0.430908203125 0.8256288239292998 0.0146484375 0.045547246770904146
0 0.33349609375 0.09619306594153637 0.0400390625 0.10129163834126445
0 0.20556640625 0.31033310673011555 0.02587890625 0.04010876954452753
0 0.296875 0.318830727396329 0.025390625 0.03399048266485384
0 0.147705078125 0.40720598232494903 0.03173828125 0.04894629503738953
0 0.1982421875 0.4061862678450034 0.033203125 0.046227056424201225
0 0.367919921875 0.5377294357579878 0.0322265625 0.05166553365057784
0 0.724365234375 0.12168592794017676 0.04736328125 0.0469068660774983
0 0.84521484375 0.15703602991162474 0.0341796875 0.037389530931339225
0 0.759521484375 0.2511896668932699 0.0283203125 0.03942895989123046
0 0.756591796875 0.3116927260367097 0.0322265625 0.046227056424201225
0 0.73681640625 0.3558803535010197 0.029296875 0.03874915023793338
0 0.847412109375 0.36437797416723317 0.03759765625 0.04010876954452753
0 0.884033203125 0.5873555404486743 0.0390625 0.02787219578518015
0 0.76171875 0.7104010876954453 0.03173828125 0.03467029231815092
0 0.875244140625 0.7409925220938137 0.0400390625 0.030591434398368457
0 0.563232421875 0.6886471787899389 0.044921875 0.03874915023793338
0 0.614013671875 0.6665533650577838 0.02685546875 0.045547246770904146
0 0.59814453125 0.760707002039429 0.029296875 0.04418762746430999
0 0.458740234375 0.7627464309993202 0.033203125 0.04010876954452753
0 0.41796875 0.7848402447314752 0.0361328125 0.04758667573079538
0 0.51513671875 0.8477226376614548 0.03271484375 0.03331067301155676