2 0.3174958077138066 0.9227782571182054 0.2537730575740637 0.1544434857635893
2 0.3169368362213527 0.6872303710094909 0.2537730575740637 0.2907679033649698
2 0.548630519843488 0.9659188955996548 0.2029066517607602 0.06816220880069025
2 0.5505869200670765 0.7312338222605694 0.19899385131358302 0.3839516824849008
2 0.7174399105645612 0.9232096635030198 0.13024035774175516 0.1535806729939603
2 0.21827836780324203 0.38740293356341676 0.06204583566238122 0.16738567730802417
2 0.3311906092789268 0.3908541846419327 0.15259921743991056 0.15530629853321828
2 0.46534376746785916 0.3899913718723037 0.09334823923979876 0.1535806729939603
2 0.5888764673001677 0.38654012079378774 0.1324762437115707 0.15530629853321828
2 0.21771939631078815 0.1893874029335634 0.05645612073784237 0.2269197584124245
2 0.412520961430967 0.18766177739430542 0.31302403577417554 0.22346850733390855
2 0.6117942984907769 0.18636755823986195 0.08552263834544438 0.22605694564279552
2 0.42230296254891003 0.030198446937014668 0.4678591391839016 0.060396893874029335
1 0.6612632755729457 0.15056082830025885 0.010061486864169928 0.14926660914581535
1 0.6559530463946339 0.6755823986194995 0.01509223029625489 0.1276962899050906
1 0.5357741755170486 0.5310612597066436 0.06204583566238122 0.0181190681622088
1 0.18669647847959753 0.6893874029335634 0.008943543879262158 0.11734253666954271
1 0.767188373392957 0.8472821397756687 0.02850754611514813 0.012079378774805867
0 0.6771939631078815 0.9728213977566867 0.06092789267747345 0.054357204486626405
0 0.5173281162660704 0.9853321829163072 0.048630519843487985 0.029335634167385678
0 0.2713806595863611 0.8766177739430544 0.0553381777529346 0.08973252804141502
0 0.3999441028507546 0.361518550474547 0.03856903297931805 0.04831751509922347
0 0.3622135271101174 0.27610008628127697 0.042481833426495245 0.06729939603106126
0 0.597261039686976 0.2006039689387403 0.05086640581330352 0.08196721311475409
0 0.5382895472330911 0.11561691113028473 0.07043040804918949 0.10353753235547886
0 0.8038010061486864 0.9663503019844694 0.04024594745667971 0.06729939603106126