2 0.6577868852459017 0.15994962216624686 0.2598360655737705 0.3198992443324937
2 0.419672131147541 0.15931989924433249 0.19508196721311474 0.31863979848866497
2 0.41680327868852457 0.4540302267002519 0.19918032786885245 0.22795969773299748
2 0.6573770491803279 0.6706549118387909 0.2573770491803279 0.6586901763224181
2 0.36188524590163934 0.8885390428211587 0.30573770491803276 0.22292191435768263
2 0.2905737704918033 0.6303526448362721 0.15327868852459017 0.2607052896725441
2 0.44016393442622953 0.672544080604534 0.14754098360655737 0.16876574307304787
0 0.5704918032786885 0.9678841309823678 0.07868852459016394 0.06423173803526448
0 0.444672131147541 0.8003778337531486 0.05 0.1070528967254408
0 0.44016393442622953 0.5428211586901763 0.05901639344262295 0.0982367758186398
0 0.4024590163934426 0.2890428211586902 0.06229508196721312 0.11460957178841309
0 0.5549180327868852 0.285264483627204 0.05901639344262295 0.1297229219143577
0 0.3282786885245902 0.5295969773299748 0.05983606557377049 0.09697732997481108
0 0.31065573770491806 0.4156171284634761 0.1540983606557377 0.11838790931989925