2 0.15625 0.21800766283524906 0.22802734375 0.21992337164750958
2 0.157470703125 0.4149425287356322 0.22509765625 0.15632183908045977
2 0.315185546875 0.19616858237547893 0.0751953125 0.16015325670498085
2 0.310546875 0.3521072796934866 0.06884765625 0.09578544061302682
2 0.314453125 0.453639846743295 0.07568359375 0.0743295019157088
2 0.404052734375 0.39846743295019155 0.08935546875 0.18850574712643678
2 0.408935546875 0.20306513409961685 0.0927734375 0.18697318007662836
2 0.5283203125 0.21839080459770116 0.13134765625 0.20766283524904214
2 0.497314453125 0.3823754789272031 0.07373046875 0.09425287356321839
2 0.499755859375 0.47432950191570883 0.076171875 0.06360153256704981
2 0.6494140625 0.439463601532567 0.1982421875 0.2099616858237548
2 0.645263671875 0.7160919540229885 0.19140625 0.346360153256705
2 0.843017578125 0.7888888888888889 0.16650390625 0.21379310344827587
2 0.841796875 0.5590038314176246 0.1787109375 0.23601532567049807
2 0.78271484375 0.3789272030651341 0.06884765625 0.09578544061302682
2 0.847412109375 0.22490421455938697 0.17822265625 0.20766283524904214
2 0.848876953125 0.38275862068965516 0.048828125 0.08505747126436781
2 0.90576171875 0.38697318007662834 0.044921875 0.0896551724137931
2 0.68701171875 0.2222222222222222 0.11181640625 0.2153256704980843
1 0.1875 0.5015325670498084 0.10400390625 0.01839080459770115
1 0.41015625 0.5061302681992337 0.05615234375 0.027586206896551724
1 0.327392578125 0.1111111111111111 0.0537109375 0.00996168582375479
1 0.387451171875 0.11417624521072797 0.0556640625 0.012260536398467433
1 0.53955078125 0.11455938697318008 0.083984375 0.022988505747126436
1 0.68212890625 0.11532567049808429 0.08642578125 0.016091954022988506
1 0.830322265625 0.11302681992337164 0.0830078125 0.006130268199233717
1 0.9345703125 0.5352490421455939 0.01220703125 0.13026819923371646
1 0.93212890625 0.7459770114942529 0.0146484375 0.11570881226053639
1 0.53955078125 0.714176245210728 0.009765625 0.24980842911877393
0 0.111328125 0.524904214559387 0.0400390625 0.06360153256704981
0 0.373291015625 0.25134099616858235 0.0419921875 0.03065134099616858
0 0.38330078125 0.3210727969348659 0.03369140625 0.05440613026819923
0 0.3740234375 0.3800766283524904 0.0400390625 0.04367816091954023
0 0.3701171875 0.4417624521072797 0.03564453125 0.0475095785440613
0 0.474853515625 0.364367816091954 0.0439453125 0.05823754789272031
0 0.5283203125 0.3701149425287356 0.05322265625 0.06130268199233716
0 0.487548828125 0.4647509578544061 0.04443359375 0.06973180076628352
0 0.578857421875 0.30919540229885056 0.04052734375 0.07816091954022988
0 0.653564453125 0.30727969348659 0.0341796875 0.0789272030651341
0 0.6142578125 0.3524904214559387 0.01953125 0.024521072796934867
0 0.65234375 0.4149425287356322 0.02587890625 0.05134099616858238
0 0.8017578125 0.3114942528735632 0.037109375 0.05747126436781609
0 0.813720703125 0.37701149425287356 0.0361328125 0.04291187739463601
0 0.901611328125 0.4586206896551724 0.03564453125 0.055938697318007664
0 0.806884765625 0.4681992337164751 0.03515625 0.07126436781609195
0 0.765625 0.7137931034482758 0.04248046875 0.05057471264367816
0 0.91162109375 0.6505747126436782 0.03271484375 0.06666666666666667