2 0.15617822691777672 0.21806521329750067 0.22783647220946254 0.2198674051429346
2 0.15755627009646303 0.41486456281888145 0.22508038585209006 0.15643025218366166
2 0.31511254019292606 0.1960784727832072 0.0753330271015159 0.1600346358745294
2 0.31051906293063847 0.3521482865977821 0.06890215893431328 0.09587660617708295
2 0.3144235186035829 0.45379190668025354 0.07579237482774459 0.07425030403187625
2 0.4039963252181902 0.3986448362099765 0.08957280661460731 0.18886970540147163
2 0.4088194763435921 0.202926801795856 0.09278824069820857 0.18670707518695104
2 0.5282498851630685 0.21842565166658748 0.131373449701424 0.20761250059398415
2 0.4972439136426275 0.38242510960107146 0.07395498392282962 0.09443485270073579
2 0.49977032613688555 0.4743368937181998 0.07625172255397333 0.06343715295927294
2 0.6495176848874598 0.4393743719167824 0.19843821773082215 0.20977513080850474
2 0.6451538814882867 0.7161910393754279 0.19154800183739096 0.3467417110614804
2 0.8431327514928801 0.7889995899309571 0.16674322462103808 0.21410039123754612
2 0.8417547083141939 0.5590399104535927 0.17868626550298572 0.23572669338275276
2 0.7827285254937988 0.37882072591020366 0.06890215893431328 0.09587660617708299
2 0.8474965548920533 0.22491354231014948 0.17822691777675703 0.20761250059398415
2 0.8488745980707395 0.38278554797015824 0.04869085898024794 0.0850634551044796
2 0.9058337161231051 0.3871108083991996 0.045016077170418 0.08938871553352094
2 0.6869545245751033 0.22239047372654203 0.1116214974735874 0.2155421447138932
1 0.1874138723013321 0.5013697713997082 0.10381258612769867 0.018021918454338846
1 0.41019751952227834 0.5060554701978363 0.05604042259990816 0.027393316050595078
1 0.32728525493798805 0.11101501767872762 0.05374368396876439 0.01009227433442977
1 0.387459807073955 0.11425896300050863 0.05558107487367936 0.012254904548950467
1 0.539503904455673 0.11461940136959539 0.08406063389986218 0.023068055621553774
1 0.6821313734497014 0.11534027810776895 0.08635737253100606 0.015859288239818234
1 0.830271015158475 0.1131776478932483 0.08314193844740458 0.005767013905388465
1 0.9345429490124024 0.5352509780938653 0.012402388608176329 0.13047868960941364
1 0.9320165365181442 0.7461074240096304 0.014699127239320209 0.11534027810776895
1 0.539503904455673 0.7140284091609073 0.009646302250803762 0.2501442281462239
0 0.11139182361047313 0.5247982653903488 0.03996325218190169 0.06343715295927294
0 0.3732200275608636 0.2512255432534843 0.04180064308681675 0.030997699741462933
0 0.3833256775378962 0.3211505868563192 0.03353238401469916 0.05406575536301671
0 0.3741387230133211 0.3802624793865508 0.039963252181901665 0.04397348102858694
0 0.3702342673403767 0.4418974405003898 0.035829122645842926 0.04757786471945462
0 0.47496554892053283 0.3644031911467326 0.044097381717960515 0.058391015792058014
0 0.5282498851630685 0.37017020505212106 0.0532843362425357 0.061274522744752286
0 0.4875976113918236 0.4646050577528569 0.0445567294441892 0.06992504360283486
0 0.5787781350482315 0.3092561206764555 0.04042259990813046 0.07785468772274402
0 0.6536518144235186 0.30709349046193485 0.033991731740927955 0.07929644119909118
0 0.6141479099678456 0.3525087249668689 0.019292604501607746 0.024509809097900934
0 0.6522737712448323 0.41486456281888145 0.025723472668810254 0.05118224841032243
0 0.8017914561322922 0.3114187508909762 0.03720716582452921 0.057670139053884475
0 0.8137344970142398 0.3770185340647698 0.03628847037207161 0.0432526042904134
0 0.9016995865870464 0.45847760547838157 0.035829122645842926 0.056228385577537406
0 0.8068442811208084 0.4682094414437246 0.03536977491961424 0.0713667970791821
0 0.7657326596233349 0.7136679707918204 0.042259990813045434 0.05046137167214894
0 0.9115755627009646 0.6505912562016343 0.03261368856224167 0.0670415366501407