2 0.215033887861984 0.7473757872638208 0.22920517560073936 0.4548635409377187
2 0.16235366605052373 0.44121763470958714 0.12754158964879853 0.16165150454863542
2 0.20948860135551448 0.24422673198040587 0.21811460258780038 0.23093072078376486
2 0.43930991990141716 0.24947515745276416 0.22427603203943314 0.22883135059482154
2 0.6700554528650647 0.24737578726382084 0.2174984596426371 0.22883135059482154
2 0.4423906346272335 0.9559132260321903 0.19839802834257547 0.08817354793561931
2 0.4430067775723968 0.7008397480755774 0.22057917436845348 0.3967809657102869
2 0.61090573012939 0.6703988803358992 0.10289587184226741 0.10216934919524143
2 0.6102895871842268 0.49650104968509445 0.10536044362292052 0.2456263121063681
2 0.3989525569932224 0.44996501049685095 0.3284041897720271 0.1483554933519944
1 0.09519408502772643 0.8439468159552135 0.01170671595810228 0.1357592722183345
1 0.09581022797288971 0.6284114765570329 0.017868145409735057 0.1469559132260322
1 0.09704251386321626 0.4534639608117565 0.010474430067775724 0.06857942617214835
1 0.20794824399260628 0.11966410076976906 0.12630930375847196 0.01819454163750875
1 0.444547134935305 0.1277116864940518 0.1250770178681454 0.01469559132260322
1 0.6743684534812077 0.12491252624212736 0.11891558841651263 0.020293911826452064
1 0.4654959950708564 0.8992302309307207 0.1361675908810844 0.016794961511546535
1 0.5440542205791744 0.996850944716585 0.009858287122612447 0.006298110566829951
1 0.33857054836722117 0.9975507347795661 0.005545286506469501 0.00489853044086774
0 0.2975970425138632 0.7746675997200839 0.06777572396796057 0.06298110566829951
0 0.36999383857054835 0.9051784464660602 0.04621072088724584 0.12386284114765571
0 0.59211337030191 0.6046186144156753 0.036968576709796676 0.05458362491252624
0 0.6645101663585952 0.559482155353394 0.11521873074553296 0.07767669699090272
0 0.5914972273567468 0.34254723582925123 0.05791743684534812 0.06787963610916725
0 0.5012322858903265 0.33869839048285516 0.06099815157116451 0.06997900629811056
0 0.26863832409118915 0.34114765570328903 0.059149722735674676 0.07907627711686493
0 0.24214417744916822 0.4461161651504549 0.054220579174368455 0.053883834849545134
0 0.2529266789895256 0.5062981105668299 0.0474430067775724 0.0622813156053184