2 0.7509765625 0.14953632148377125 0.43505859375 0.17156105100463678
2 0.894775390625 0.37712519319938176 0.14697265625 0.2635239567233385
2 0.913818359375 0.5877125193199382 0.08544921875 0.12287480680061824
2 0.897216796875 0.7654559505409583 0.13525390625 0.2017001545595054
2 0.75048828125 0.7631375579598145 0.13134765625 0.20015455950540958
2 0.604736328125 0.9119010819165378 0.14208984375 0.08268933539412673
2 0.60205078125 0.7523183925811437 0.1474609375 0.21792890262751158
2 0.651611328125 0.7121329211746522 0.0439453125 0.11823802163833076
2 0.6572265625 0.8191653786707882 0.04638671875 0.06800618238021638
2 0.69580078125 0.44899536321483774 0.32470703125 0.4034003091190108
2 0.410400390625 0.40687789799072643 0.1240234375 0.3323029366306028
2 0.42724609375 0.5057959814528593 0.0859375 0.12828438948995363
2 0.4111328125 0.7210200927357032 0.12744140625 0.2782071097372488
2 0.271240234375 0.7554095826893354 0.1396484375 0.22024729520865532
2 0.189208984375 0.375193199381762 0.29248046875 0.2642967542503864
2 0.241455078125 0.5838485316846986 0.19482421875 0.10741885625965997
2 0.0849609375 0.5772797527047914 0.08984375 0.10123647604327667
2 0.0556640625 0.6719474497681608 0.03369140625 0.061051004636785165
2 0.105712890625 0.6742658423493045 0.0478515625 0.06491499227202473
2 0.115234375 0.7534775888717156 0.15087890625 0.21561051004636786
1 0.120361328125 0.2403400309119011 0.14013671875 0.01313755795981453
1 0.271484375 0.23493044822256567 0.12255859375 0.010819165378670788
1 0.411376953125 0.23956723338485317 0.10595703125 0.017001545595054096
1 0.5869140625 0.23995363214837712 0.09814453125 0.02627511591962906
1 0.745361328125 0.2384080370942813 0.14990234375 0.008500772797527048
1 0.89208984375 0.23956723338485317 0.142578125 0.012364760432766615
1 0.97412109375 0.31839258114374036 0.01220703125 0.10432766615146831
1 0.973388671875 0.44938176197836166 0.0107421875 0.11591962905718702
1 0.971435546875 0.5367078825347759 0.00537109375 0.02009273570324575
1 0.9736328125 0.7716383307573416 0.01123046875 0.17928902627511592
1 0.894287109375 0.8697836166924265 0.12646484375 0.008500772797527048
1 0.749267578125 0.8697836166924265 0.12451171875 0.014683153013910355
1 0.57470703125 0.866692426584235 0.08935546875 0.017001545595054096
1 0.40869140625 0.8682380216383307 0.1201171875 0.00927357032457496
1 0.274169921875 0.8701700154559505 0.11669921875 0.013910355486862442
1 0.0625 0.8674652241112828 0.03564453125 0.013910355486862442
0 0.656982421875 0.8887171561051005 0.03564453125 0.06800618238021638
0 0.65478515625 0.7986862442040186 0.03466796875 0.059505409582689336
0 0.796875 0.6823802163833076 0.03515625 0.0633693972179289
0 0.843017578125 0.6819938176197836 0.02978515625 0.05255023183925812
0 0.849853515625 0.625579598145286 0.04052734375 0.04945904173106646
0 0.844970703125 0.500772797527048 0.03271484375 0.05873261205564142
0 0.655029296875 0.21831530139103555 0.037109375 0.05795981452859351
0 0.331787109375 0.2832302936630603 0.0390625 0.04636785162287481
0 0.16650390625 0.535548686244204 0.03271484375 0.05641421947449768
0 0.1533203125 0.5529366306027821 0.04541015625 0.05795981452859351
0 0.33056640625 0.6051004636785162 0.03271484375 0.03863987635239567
0 0.36669921875 0.47295208655332305 0.03125 0.04559505409582689
0 0.216064453125 0.66112828438949 0.0341796875 0.05486862442040186
0 0.170166015625 0.6595826893353941 0.03173828125 0.062596599690881
0 0.1435546875 0.6804482225656878 0.02490234375 0.04559505409582689
0 0.058349609375 0.7183153013910355 0.0224609375 0.04173106646058733