2 0.72119140625 0.776275115919629 0.1083984375 0.4474497681607419
2 0.333740234375 0.8960587326120556 0.12646484375 0.20788253477588872
2 0.23974609375 0.6657650695517774 0.05224609375 0.22488408037094282
2 0.340576171875 0.6615146831530139 0.1376953125 0.23338485316846985
2 0.365966796875 0.7399536321483772 0.07470703125 0.0695517774343122
2 0.29833984375 0.7488408037094282 0.04296875 0.07341576506955177
2 0.5322265625 0.776275115919629 0.2548828125 0.4474497681607419
2 0.558837890625 0.35819165378670786 0.2099609375 0.19629057187017002
2 0.496337890625 0.3848531684698609 0.0810546875 0.13601236476043277
2 0.3603515625 0.35935085007727974 0.17578125 0.2017001545595054
2 0.338623046875 0.13794435857805254 0.13916015625 0.22102009273570325
2 0.57861328125 0.11978361669242658 0.1669921875 0.23956723338485317
2 0.447021484375 0.12248840803709428 0.06787109375 0.24497681607418856
1 0.66748046875 0.13833075734157652 0.0068359375 0.19397217928902627
1 0.66455078125 0.3597372488408037 0.0107421875 0.16769706336939721
1 0.664306640625 0.6375579598145286 0.0166015625 0.1553323029366306
1 0.665283203125 0.884853168469861 0.00537109375 0.2302936630602782
1 0.266357421875 0.8945131375579598 0.00927734375 0.19706336939721794
1 0.268310546875 0.6182380216383307 0.0107421875 0.14142194744976816
1 0.267333984375 0.3554868624420402 0.005859375 0.1901081916537867
1 0.26611328125 0.14258114374034003 0.0087890625 0.1846986089644513
0 0.25439453125 0.7484544049459042 0.04296875 0.05641421947449768
0 0.311279296875 0.7449768160741885 0.03759765625 0.05486862442040186
0 0.384765625 0.9698608964451314 0.0400390625 0.05564142194744977
0 0.677978515625 0.7453632148377125 0.03662109375 0.05873261205564142
0 0.636962890625 0.23377125193199383 0.029296875 0.061823802163833076
0 0.43359375 0.23183925811437403 0.0244140625 0.0517774343122102
0 0.51708984375 0.2890262751159196 0.02880859375 0.04945904173106646
0 0.398193359375 0.05061823802163833 0.03466796875 0.05409582689335394