2 0.7510392609699769 0.1494965215187524 0.4351039260969978 0.17179306873793063
2 0.8946882217090069 0.3772137168883924 0.1468822170900692 0.26317236061980864
2 0.9138568129330253 0.5877516053842392 0.08545034642032334 0.12281376828924404
2 0.8972286374133949 0.7653929488026101 0.13533487297921476 0.20176547647518664
2 0.7505773672055427 0.7631998457974449 0.1311778290993071 0.20030340780507652
2 0.6046189376443418 0.9119653329811424 0.14226327944572748 0.08260687986121777
2 0.6020785219399538 0.7522343307716196 0.1473441108545035 0.21784823184639704
2 0.6515011547344111 0.7120274423435933 0.04387990762124705 0.11842756227891396
2 0.6572748267898383 0.8191239724291542 0.04618937644341803 0.06798619316011714
2 0.6958429561200924 0.4488550817237847 0.3247113163972286 0.4035309529503731
2 0.41039260969976904 0.40682060745812076 0.12424942263279448 0.33262062245003593
2 0.4272517321016166 0.5058757598580765 0.08591224018475752 0.12866204296968414
2 0.4110854503464203 0.7211653715317811 0.1274826789838337 0.27852408165596404
2 0.27113163972286375 0.7555239852793671 0.13949191685912243 0.22004133485156216
2 0.18914549653579676 0.3750206138832272 0.292378752886836 0.2646344292899186
2 0.24157043879907622 0.5837309165414366 0.194919168591224 0.10746204725308858
2 0.08498845265588914 0.5771516075259414 0.08960739030023096 0.1016137725726483
2 0.05565819861431871 0.6718205539155669 0.033718244803695153 0.06140688414462202
2 0.10577367205542725 0.6743791740882595 0.04803695150115475 0.06506205581989709
2 0.11524249422632794 0.7533308822742021 0.1510392609699769 0.215655128841232
1 0.12032332563510392 0.24051029623310285 0.13995381062355655 0.01315861803099042
1 0.27136258660508084 0.23502753872019017 0.1224018475750577 0.01096551502582538
1 0.4113163972286374 0.23941374473052032 0.1057736720554272 0.016813789706265576
1 0.5868360277136259 0.23977926189804785 0.09838337182448043 0.02631723606198084
1 0.7452655889145496 0.23831719322793776 0.15011547344110854 0.008772412020660252
1 0.892147806004619 0.23941374473052032 0.14272517321016154 0.012427583695935407
1 0.9741339491916859 0.3183654529164629 0.012009237875288736 0.10453790991286843
1 0.9734411085450346 0.44922059889131216 0.010623556581986104 0.11623445927374879
1 0.9713625866050808 0.5365792019303876 0.0055427251732100835 0.02046896138154073
1 0.9736720554272518 0.7716067406505778 0.011085450346420389 0.1791034120884808
1 0.8942263279445727 0.8699308587154785 0.12655889145496535 0.008772412020660163
1 0.7491916859122402 0.8699308587154785 0.12471131639722866 0.014620686701100623
1 0.5748267898383371 0.8666412042077308 0.08914549653579673 0.01681378970626549
1 0.40877598152424943 0.8681032728778408 0.12009237875288681 0.009503446355715352
1 0.27413394919168593 0.8702963758830059 0.11685912240184759 0.013889652366045434
1 0.06258660508083141 0.8673722385427859 0.03556581986143187 0.013889652366045434
0 0.6570438799076213 0.8885722342593816 0.035565819861431924 0.06798619316011714
0 0.6547344110854504 0.7986550110476137 0.03464203233256358 0.05921378113945698
0 0.7967667436489607 0.6824205517738647 0.03510392609699764 0.06359998714978705
0 0.8429561200923787 0.6820550346063372 0.029561200923787556 0.05263447212396168
0 0.8498845265588915 0.6257653908071005 0.040646651270207945 0.04971033478374163
0 0.8450346420323326 0.5007585195126913 0.03279445727482688 0.058482746804401964
0 0.6549653579676674 0.21821374901392462 0.036951501154734334 0.057751712469346864
0 0.3318706697459584 0.28327580483382175 0.03926096997690531 0.04605516310846647
0 0.16651270207852192 0.535482650427805 0.03279445727482677 0.05628964379923675
0 0.1533487297921478 0.5530274744691256 0.04526558891454968 0.057751712469346954
0 0.3304849884526559 0.6049309122580323 0.03279445727482677 0.03874481975791625
0 0.366743648960739 0.47297921478060045 0.03140877598152425 0.04532412877341155
0 0.2161662817551963 0.6612205560572691 0.03418013856812935 0.05482757512912672
0 0.17020785219399537 0.6593929702196316 0.031870669745958424 0.06286895281473205
0 0.14364896073903002 0.6805929659362272 0.02494226327944571 0.04532412877341155
0 0.05842956120092379 0.7182412341915609 0.022632794457274827 0.041668957098136304