2 0.3102533883323512 0.154052734375 0.40424278137890396 0.140625
2 0.30642309958750735 0.42431640625 0.38361814967589863 0.3828125
2 0.4266352386564526 0.542724609375 0.14496169711255155 0.13525390625
2 0.2925751325869181 0.798828125 0.36122569239835 0.3623046875
2 0.40925162050677666 0.857177734375 0.13022981732469063 0.228515625
2 0.6305244549204478 0.54541015625 0.18915733647613436 0.140625
2 0.7751915144372422 0.552734375 0.0901591043017089 0.1123046875
2 0.8771361225692398 0.536865234375 0.10548025928108426 0.14453125
2 0.7295226870948733 0.4501953125 0.17324690630524456 0.11669921875
2 0.8786093105480259 0.426025390625 0.12315851502651738 0.0703125
2 0.5904537418974661 0.42822265625 0.10135533294048321 0.08740234375
2 0.6349440188568062 0.302978515625 0.18562168532704773 0.14697265625
2 0.8279316440777843 0.3076171875 0.2139068945197407 0.1640625
2 0.8246906305244549 0.19189453125 0.2103712433706541 0.0693359375
1 0.20565704183853858 0.228515625 0.164407778432528 0.01513671875
1 0.434001178550383 0.227783203125 0.11431938715380083 0.01953125
1 0.10931054802592811 0.3134765625 0.01060695344725987 0.07275390625
1 0.11166764879198586 0.427490234375 0.02357100766057749 0.0556640625
1 0.1723629935179729 0.6171875 0.08721272834413671 0.01806640625
1 0.64407778432528 0.6162109375 0.11726576311137302 0.01171875
1 0.7899233942251032 0.619384765625 0.03653506187389511 0.009765625
1 0.8677077195050088 0.62158203125 0.08485562757807896 0.01171875
1 0.8650559811431938 0.228515625 0.11667648791985857 0.01513671875
1 0.6452563347083088 0.230224609375 0.1437831467295227 0.0185546875
0 0.7784325279905716 0.375244140625 0.05185621685327048 0.04248046875
0 0.7563347083087802 0.214599609375 0.041838538597525045 0.05224609375
0 0.3199764289923394 0.214599609375 0.04301708898055392 0.0390625
0 0.3302887448438421 0.511962890625 0.05303476723629935 0.0322265625
0 0.37153800824985267 0.448974609375 0.05480259281084266 0.0322265625
0 0.34060106069534474 0.570556640625 0.05126694166175604 0.03564453125
0 0.309958750736594 0.6337890625 0.0648202710665881 0.04541015625
0 0.3783146729522687 0.704833984375 0.05598114319387154 0.03515625
0 0.6205067766647024 0.4541015625 0.049499116087212726 0.0400390625
0 0.7077195050088392 0.496826171875 0.028874484384207425 0.04296875
0 0.7660577489687684 0.502685546875 0.04301708898055392 0.04443359375
0 0.842368886269888 0.490234375 0.05480259281084266 0.0322265625
0 0.43606364172068357 0.55224609375 0.05362404242781379 0.0400390625