2 0.9163229228049499 0.3427734375 0.16735415439010018 0.3349609375
2 0.5913376546847378 0.339599609375 0.4619917501473188 0.31787109375
2 0.44843842074248674 0.439208984375 0.1632292280494991 0.1201171875
2 0.1788450206246317 0.327880859375 0.3576900412492634 0.29931640625
2 0.10341779611078374 0.424560546875 0.20683559222156747 0.10791015625
2 0.44519740718915735 0.608154296875 0.16971125515615793 0.15673828125
2 0.4363582793164408 0.72802734375 0.13553329404832057 0.07470703125
2 0.45550972304066 0.8125 0.17442545668827342 0.08740234375
2 0.5601060695344726 0.690185546875 0.1408367707719505 0.1435546875
2 0.5892751915144372 0.813720703125 0.08485562757807896 0.10205078125
2 0.5866234531526223 0.574951171875 0.10548025928108426 0.083984375
2 0.7377725397760754 0.61181640625 0.1773718326458456 0.15380859375
2 0.7321744254566883 0.771728515625 0.1979964643488509 0.17724609375
2 0.8718326458456099 0.76904296875 0.08367707719505009 0.17431640625
1 0.8276370064820271 0.256103515625 0.018267530936947555 0.13623046875
1 0.8285209192692987 0.4453125 0.02357100766057749 0.0947265625
1 0.725103123158515 0.17626953125 0.08780200353565115 0.0087890625
1 0.5875073659398939 0.17822265625 0.06717737183264584 0.01953125
1 0.3585739540365351 0.228515625 0.021803182086034177 0.072265625
1 0.3597525044195639 0.619384765625 0.014142604596346494 0.09716796875
1 0.3559222156747201 0.740234375 0.011785503830288745 0.0302734375
1 0.3532704773129051 0.8046875 0.014142604596346494 0.0703125
1 0.8276370064820271 0.802490234375 0.018267530936947555 0.0966796875
1 0.8255745433117265 0.620361328125 0.022392457277548614 0.119140625
0 0.6505598114319388 0.730712890625 0.05126694166175604 0.04296875
0 0.8444313494401886 0.71240234375 0.06305244549204478 0.03466796875
0 0.8444313494401886 0.350830078125 0.04714201532115498 0.03564453125
0 0.48556275780789626 0.359375 0.038892162639952856 0.0439453125
0 0.5615792575132587 0.3935546875 0.038892162639952856 0.04541015625
0 0.41484973482616383 0.367919921875 0.04301708898055392 0.04248046875
0 0.33853859752504417 0.342529296875 0.05480259281084266 0.0537109375
0 0.2527990571596936 0.399169921875 0.04242781378903948 0.04638671875
0 0.5553918680023571 0.599853515625 0.04832056570418385 0.041015625
0 0.5038302887448438 0.672119140625 0.05185621685327048 0.02392578125
0 0.4967589864466706 0.720458984375 0.05362404242781379 0.03564453125
0 0.5117855038302888 0.78369140625 0.038892162639952856 0.04541015625
0 0.4369475545079552 0.447021484375 0.04832056570418385 0.04443359375