2 0.310258349376058 0.1540041067761807 0.4044262189949893 0.1404517453798768
2 0.3062933864447346 0.42422997946611907 0.3836101636055413 0.3827515400410677
2 0.4267291354836836 0.5427104722792607 0.14472114699330507 0.13511293634496924
2 0.2926638263683103 0.7987679671457906 0.3613072471168471 0.362217659137577
2 0.4091346124759359 0.8570841889117043 0.13034815636725766 0.2283367556468172
2 0.6304291060804246 0.5453798767967146 0.1893269799706936 0.1404517453798768
2 0.7751502530737295 0.5527720739219713 0.09020290668760783 0.1125256673511294
2 0.8770002383721001 0.5367556468172484 0.10556713804648629 0.14455852156057492
2 0.7295531793635102 0.4501026694045174 0.17346712824539987 0.1166324435318275
2 0.8787349096545541 0.4260780287474333 0.12291385087102606 0.0702258726899384
2 0.5905316665839826 0.42813141683778233 0.10160217511516273 0.08747433264887061
2 0.6348896893781634 0.3030800821355236 0.18536201703937016 0.14702258726899387
2 0.8279338220969726 0.30759753593429157 0.21361237792504942 0.16427104722792607
2 0.8247122897152724 0.1919917864476386 0.21014303536014153 0.06940451745379878
1 0.20568245206240268 0.22854209445585216 0.16454596164992216 0.015195071868583154
1 0.4339156307967073 0.22772073921971253 0.11448830464196394 0.01930184804928131
1 0.10928429079460189 0.3135523613963039 0.010408027694724004 0.07268993839835725
1 0.11176239262667903 0.4275154004106776 0.023294157221525117 0.05585215605749483
1 0.17247588751256898 0.6172484599589322 0.08722918448911533 0.01806981519507178
1 0.6440586661568488 0.6162217659137577 0.11746202684045652 0.011909650924024628
1 0.7900188640661925 0.6193018480492813 0.03667590711474166 0.009856262833675578
1 0.867583451410207 0.6215605749486652 0.08475108265703808 0.011909650924024628
1 0.8651053495781297 0.22854209445585216 0.11647078610762553 0.015195071868583154
1 0.6452977170728874 0.23018480492813143 0.14372990626047422 0.01848049281314168
0 0.7783717854554298 0.3751540041067762 0.05204013847361985 0.04229979466119094
0 0.7563166791499433 0.21457905544147843 0.041632110778895885 0.052156057494866515
0 0.3199229465211588 0.21457905544147843 0.04311897187814224 0.03901437371663247
0 0.33033097421588287 0.5119096509240246 0.05303137920645078 0.03244353182751536
0 0.37146746462836333 0.4490759753593429 0.055013860672112495 0.03244353182751536
0 0.3407390019106068 0.5706365503080082 0.051048897740789065 0.035728952772073885
0 0.3100105391928503 0.6338809034907598 0.06492626800042106 0.04558521560574946
0 0.3784061497581793 0.7047227926078029 0.056005101404943414 0.03531827515400421
0 0.620516698752116 0.4540041067761807 0.04956203664154274 0.0398357289527721
0 0.7077458832412313 0.4967145790554415 0.0287459812520948 0.04312114989733057
0 0.7659812762950441 0.5026694045174538 0.043118971878142204 0.04435318275153999
0 0.8423068127230201 0.4901437371663244 0.055013860672112495 0.03244353182751536
0 0.4361459224455767 0.5523613963039015 0.05352699957286631 0.040246406570841886