2 0.8474517906336089 0.478898426323319 0.08333333333333333 0.3512160228898426
2 0.5020661157024794 0.2939914163090129 0.5991735537190083 0.525035765379113
2 0.5024104683195593 0.6198140200286123 0.5778236914600551 0.1380543633762518
2 0.40392561983471076 0.8590844062947067 0.44008264462809915 0.27896995708154504
2 0.7238292011019284 0.8526466380543634 0.1487603305785124 0.2718168812589413
2 0.11398071625344353 0.4438483547925608 0.1356749311294766 0.4585121602288984
0 0.831267217630854 0.4592274678111588 0.07162534435261708 0.06580829756795423
0 0.8257575757575758 0.621244635193133 0.08539944903581267 0.08226037195994278
0 0.6074380165289256 0.7703862660944206 0.07162534435261708 0.06294706723891273
0 0.48760330578512395 0.31509298998569385 0.06473829201101929 0.08369098712446352
0 0.3956611570247934 0.17882689556509299 0.05716253443526171 0.07582260371959942
0 0.41460055096418735 0.3748211731044349 0.05647382920110193 0.06580829756795423
0 0.4283746556473829 0.48819742489270385 0.046831955922865015 0.045064377682403435
0 0.4765840220385675 0.5987124463519313 0.07162534435261708 0.06723891273247497
0 0.7520661157024794 0.5257510729613734 0.07575757575757576 0.08869814020028613
0 0.3474517906336088 0.5969241773962805 0.06680440771349862 0.0765379113018598
0 0.1690771349862259 0.25858369098712447 0.07506887052341597 0.07510729613733906
1 0.1862947658402204 0.43741058655221743 0.029614325068870524 0.11802575107296137
1 0.19559228650137742 0.6133762517882689 0.015151515151515152 0.03934191702432046
1 0.1893939393939394 0.13340486409155938 0.023415977961432508 0.07796852646638054
1 0.8071625344352618 0.17238912732474965 0.01790633608815427 0.19313304721030042
1 0.8026859504132231 0.3572961373390558 0.01859504132231405 0.0994277539341917
1 0.8123278236914601 0.8419170243204578 0.01997245179063361 0.0715307582260372