2 0.9112149532710281 0.5070588235294118 0.17757009345794392 0.2847058823529412
2 0.4649532710280374 0.39098039215686275 0.6086448598130841 0.3811764705882353
2 0.4696261682242991 0.6992156862745098 0.6063084112149533 0.21803921568627452
2 0.07359813084112149 0.74 0.14719626168224298 0.1419607843137255
2 0.07126168224299065 0.552156862745098 0.1425233644859813 0.22745098039215686
2 0.07476635514018691 0.3149019607843137 0.14953271028037382 0.22980392156862745
0 0.7920560747663551 0.5196078431372549 0.2441588785046729 0.10666666666666667
0 0.027453271028037383 0.40078431372549017 0.054906542056074766 0.07529411764705882
0 0.0969626168224299 0.636078431372549 0.08761682242990654 0.06666666666666667
1 0.790303738317757 0.2807843137254902 0.037383177570093455 0.10431372549019607
1 0.7891355140186916 0.42901960784313725 0.04672897196261682 0.10431372549019607
1 0.7955607476635514 0.7364705882352941 0.04789719626168224 0.11215686274509803