2 0.027777777777777776 0.48756218905472637 0.05555555555555555 0.4591329068941009
2 0.1550925925925926 0.48187633262260127 0.18171296296296297 0.44136460554371004
2 0.48842592592592593 0.492181947405828 0.4409722222222222 0.43354655294953803
2 0.7928240740740741 0.6442786069651741 0.2511574074074074 0.12508884150675195
2 0.9641203703703703 0.6457000710732054 0.07175925925925926 0.12864250177683015
2 0.8587962962962963 0.3660270078180526 0.2824074074074074 0.1677327647476901
2 0.9907407407407407 0.51954513148543 0.018518518518518517 0.11371712864250177
2 0.8385416666666666 0.5177683013503909 0.24768518518518517 0.10945273631840796
0 0.30671296296296297 0.47476901208244493 0.12384259259259259 0.06751954513148543
0 0.8159722222222222 0.5511727078891258 0.08912037037037036 0.05970149253731343
0 0.9282407407407407 0.5334044065387349 0.09606481481481481 0.05401563610518834
0 0.7575231481481481 0.414001421464108 0.10648148148148148 0.05543710021321962
0 0.8865740740740741 0.6211798152096659 0.09837962962962964 0.053304904051172705
1 0.2621527777777778 0.5906183368869936 0.032407407407407406 0.11158493248045487
1 0.2621527777777778 0.3777540867093106 0.032407407407407406 0.10518834399431415
1 0.5810185185185185 0.26723525230987916 0.06597222222222222 0.024875621890547265