2 0.9716435185185185 0.511727078891258 0.056712962962962965 0.4591329068941009
2 0.8449074074074074 0.5181236673773987 0.18171296296296297 0.44136460554371004
2 0.5115740740740741 0.507818052594172 0.4409722222222222 0.43354655294953803
2 0.20717592592592593 0.35572139303482586 0.2511574074074074 0.12508884150675195
2 0.03530092592592592 0.35358919687277895 0.07060185185185185 0.12864250177683015
2 0.140625 0.6332622601279317 0.28125 0.1677327647476901
2 0.16145833333333334 0.4822316986496091 0.24768518518518517 0.10945273631840796
0 0.6932870370370371 0.5252309879175551 0.12384259259259259 0.06751954513148543
0 0.1840277777777778 0.4488272921108742 0.08912037037037036 0.05970149253731343
0 0.07175925925925926 0.4665955934612651 0.09606481481481481 0.05401563610518834
0 0.24247685185185186 0.585998578535892 0.10648148148148148 0.05543710021321962
0 0.11342592592592593 0.378820184790334 0.09837962962962964 0.053304904051172705
1 0.7378472222222222 0.4093816631130064 0.032407407407407406 0.11158493248045487
1 0.7378472222222222 0.6222459132906895 0.032407407407407406 0.10518834399431415
1 0.41898148148148145 0.7327647476901208 0.06597222222222222 0.024875621890547265