2 0.197509765625 0.1591549295774648 0.17041015625 0.26948356807511736
2 0.37451171875 0.33849765258215964 0.16943359375 0.6384976525821596
2 0.526123046875 0.21549295774647886 0.1162109375 0.39342723004694835
2 0.42041015625 0.7384976525821596 0.07763671875 0.14553990610328638
2 0.331787109375 0.7389671361502348 0.0869140625 0.13427230046948357
2 0.199951171875 0.5511737089201878 0.1708984375 0.49107981220657276
2 0.208251953125 0.8859154929577465 0.1865234375 0.13427230046948357
2 0.064697265625 0.7553990610328638 0.08642578125 0.39436619718309857
2 0.71533203125 0.15492957746478872 0.17041015625 0.26572769953051645
2 0.89453125 0.21220657276995306 0.16943359375 0.37652582159624415
2 0.89794921875 0.6 0.16796875 0.3971830985915493
2 0.71533203125 0.4356807511737089 0.16796875 0.26291079812206575
2 0.71533203125 0.6882629107981221 0.17041015625 0.2215962441314554
1 0.11083984375 0.1563380281690141 0.00732421875 0.07323943661971831
1 0.465087890625 0.1511737089201878 0.01220703125 0.1568075117370892
1 0.462890625 0.5046948356807511 0.00732421875 0.1596244131455399
1 0.46484375 0.6971830985915493 0.0068359375 0.04788732394366197
1 0.326171875 0.8136150234741784 0.02490234375 0.015023474178403756
1 0.166015625 0.8126760563380282 0.03857421875 0.0215962441314554
1 0.016845703125 0.8591549295774648 0.00927734375 0.05352112676056338
1 0.677490234375 0.8103286384976526 0.03564453125 0.018779342723004695
1 0.857666015625 0.8084507042253521 0.0380859375 0.015023474178403756
1 0.984619140625 0.6389671361502347 0.0078125 0.05821596244131456
1 0.984619140625 0.5098591549295775 0.0107421875 0.0647887323943662
1 0.984375 0.3323943661971831 0.01171875 0.046948356807511735
1 0.983154296875 0.18967136150234742 0.01171875 0.1624413145539906
1 0.629150390625 0.1572769953051643 0.01123046875 0.07605633802816901
1 0.630615234375 0.3492957746478873 0.01123046875 0.06666666666666667
1 0.6279296875 0.6488262910798122 0.0087890625 0.07887323943661972
0 0.26171875 0.2737089201877934 0.04541015625 0.09577464788732394
0 0.48046875 0.27511737089201876 0.05126953125 0.07793427230046948
0 0.36279296875 0.7732394366197183 0.04248046875 0.06103286384976526
0 0.26611328125 0.7643192488262911 0.0498046875 0.07042253521126761
0 0.228759765625 0.3892018779342723 0.0419921875 0.07230046948356808
0 0.246337890625 0.8399061032863849 0.0380859375 0.09671361502347418
0 0.208740234375 0.5582159624413146 0.04931640625 0.07136150234741784
0 0.124267578125 0.8915492957746479 0.0458984375 0.0676056338028169
0 0.77978515625 0.2737089201877934 0.04150390625 0.09014084507042254
0 0.821533203125 0.3596244131455399 0.0517578125 0.07230046948356808
0 0.821533203125 0.5103286384976525 0.0498046875 0.07887323943661972
0 0.74609375 0.46572769953051646 0.0400390625 0.06572769953051644
0 0.78271484375 0.5990610328638498 0.0498046875 0.08732394366197183