2 0.1974900924702774 0.1591919342268199 0.1704095112285337 0.2692714632134506
2 0.37450462351387054 0.33870624303578695 0.16952884191985906 0.6384612681224585
2 0.5261999119330691 0.21550184713151946 0.11624834874504625 0.3937460075291024
2 0.420519594892118 0.7383796098180158 0.07749889916336417 0.14564368450538845
2 0.33179216204315276 0.7388029926218104 0.08674592690444738 0.13463573160672535
2 0.19991193306913255 0.5512444105407434 0.17084984588287094 0.4911240524018911
2 0.20827829150154117 0.8861402083423777 0.1867018934390136 0.13463573160672535
2 0.06472919418758256 0.7553149219698051 0.08630559225011009 0.3945927731366919
2 0.7153236459709379 0.15495810618887257 0.17040951122853376 0.2658844007830928
2 0.8945398502862175 0.2121147847011616 0.16952884191985906 0.37681069537731304
2 0.8978423601937472 0.5999334329771377 0.16820783795684724 0.3971330699594603
2 0.7153236459709379 0.435660905104781 0.1677675033025099 0.26334410396032437
2 0.7153236459709379 0.6884204389702371 0.17040951122853376 0.22185258918844042
1 0.11074416556583003 0.15622825460025674 0.007485689123734041 0.07366860786028369
1 0.46499339498018494 0.15114766095471996 0.012329370321444322 0.15665163740405147
1 0.4630118890356671 0.5046723021233226 0.007485689123734041 0.15919193422681985
1 0.46477322765301626 0.6973114778499264 0.006605019815059454 0.04826563963259963
1 0.32628797886393657 0.8137417488934782 0.024658740642888644 0.015241780936610522
1 0.16600616468516072 0.8128949832858887 0.03874944958168208 0.022015905797326214
1 0.016952884191985908 0.8590437088995148 0.00924702774108322 0.053346233278136396
1 0.6774548656979305 0.8103546864631204 0.03566710700132103 0.018628843366968368
1 0.8575517393218846 0.8086611552479415 0.03830911492734468 0.015241780936610522
1 0.9845882870981946 0.6388846509262531 0.00792602377807139 0.05842682692367317
1 0.9845882870981946 0.5097528957688595 0.010568031704095038 0.0643541861767995
1 0.9843681197710259 0.332355500978866 0.011889035667107084 0.0465721084174207
1 0.9830471158080141 0.18967549610004072 0.011889035667107084 0.1625789966571778
1 0.6292382210479964 0.15749840301164095 0.011448701012769735 0.07620890468305207
1 0.6305592250110084 0.34929081313065535 0.011448701012769735 0.06689448299956789
1 0.6279172170849846 0.6490458382173269 0.008806693086745865 0.07874920150582046
0 0.2617789520035227 0.2739286740551927 0.04535446939674151 0.0956845136576098
0 0.4804051078819903 0.27519882246657695 0.051078819903126405 0.077902435898231
0 0.3628357551739322 0.7730969997291839 0.042272126816380484 0.06096712374644166
0 0.2661822985468956 0.7642059608494944 0.0497578159401145 0.07028154542992585
0 0.22875385292822545 0.3890887966873603 0.041831792162043135 0.07197507664510476
0 0.24636723910171726 0.8399914827287517 0.03830911492734476 0.09653127926519926
0 0.20871862615587847 0.5580185354014591 0.049317481285777176 0.0711283110375152
0 0.12417437252311757 0.8916441847917094 0.0457948040510788 0.06774124860715736
0 0.7798326728313518 0.2739286740551927 0.0413914575077059 0.09060392001207303
0 0.8214442976662263 0.3594520004217289 0.05151915455746359 0.07197507664510476
0 0.8214442976662263 0.5101762785726541 0.049757815940114414 0.07874920150582046
0 0.7461470717745486 0.46572108417420716 0.040070453544694073 0.06604771739197848
0 0.7826948480845443 0.5990866673695483 0.049757815940114414 0.08721685758171507