2 0.677001953125 0.04084507042253521 0.14013671875 0.08169014084507042
2 0.583984375 0.2586854460093897 0.33203125 0.32582159624413143
2 0.64794921875 0.5502347417840375 0.20458984375 0.22347417840375586
2 0.3759765625 0.34694835680751174 0.07568359375 0.14929577464788732
2 0.375732421875 0.17652582159624414 0.06982421875 0.1671361502347418
2 0.473388671875 0.04366197183098591 0.25537109375 0.08732394366197183
2 0.299072265625 0.059154929577464786 0.06982421875 0.11830985915492957
2 0.679443359375 0.8751173708920188 0.13818359375 0.24976525821596243
2 0.533203125 0.8760563380281691 0.13671875 0.24788732394366197
2 0.40185546875 0.8751173708920188 0.115234375 0.24976525821596243
1 0.681396484375 0.4328638497652582 0.08154296875 0.023474178403755867
1 0.49755859375 0.42863849765258216 0.0830078125 0.014084507042253521
1 0.3974609375 0.4323943661971831 0.02490234375 0.013145539906103286
1 0.3369140625 0.16572769953051644 0.0078125 0.04788732394366197
1 0.338623046875 0.8413145539906103 0.009765625 0.06854460093896714
1 0.67822265625 0.748356807511737 0.03955078125 0.0215962441314554
1 0.578369140625 0.7511737089201878 0.03466796875 0.0215962441314554
1 0.422607421875 0.7460093896713615 0.041015625 0.016901408450704224
0 0.61767578125 0.042723004694835684 0.0498046875 0.08544600938967137
0 0.616943359375 0.4624413145539906 0.04052734375 0.09859154929577464
0 0.35791015625 0.23615023474178404 0.03173828125 0.08169014084507042
0 0.362548828125 0.050234741784037557 0.03662109375 0.09577464788732394
0 0.557373046875 0.009389671361502348 0.03759765625 0.018779342723004695
0 0.322998046875 0.024413145539906103 0.05029296875 0.048826291079812206
0 0.517578125 0.9671361502347418 0.0341796875 0.06572769953051644