2 0.3404887714663144 0.46963028169014087 0.38243064729194187 0.6927816901408451
2 0.3266182298546896 0.1932218309859155 0.15918097754293262 0.12588028169014084
2 0.19319682959048878 0.1932218309859155 0.09313077939233817 0.1382042253521127
0 0.6624834874504624 0.8120598591549296 0.24966974900924702 0.14524647887323944
0 0.6621532364597094 0.488556338028169 0.24372523117569353 0.47007042253521125
1 0.37318361955085866 0.823943661971831 0.202113606340819 0.014084507042253521
1 0.14464993394980186 0.40625 0.018494055482166448 0.13996478873239437
1 0.7932628797886394 0.8560739436619719 0.011889035667107 0.037852112676056336
1 0.5369881109643329 0.8543133802816901 0.010568031704095112 0.03961267605633803
0 0.5634081902245707 0.3569542253521127 0.0726552179656539 0.08362676056338028
0 0.5617569352708058 0.20290492957746478 0.07595772787318363 0.08714788732394366
0 0.5928005284015853 0.7337147887323944 0.07199471598414796 0.19982394366197184
0 0.43527080581241745 0.21214788732394366 0.071334214002642 0.08098591549295775
0 0.2638705416116248 0.22931338028169015 0.05085865257595773 0.06073943661971831
0 0.24801849405548215 0.1875 0.01915455746367239 0.028169014084507043