2 0.8416009019165727 0.4947139303482587 0.31679819616685456 0.47699004975124376
2 0.3506200676437429 0.6004353233830846 0.6550169109357384 0.2798507462686567
2 0.2570462232243517 0.6424129353233831 0.44983089064261556 0.1822139303482587
2 0.18996617812852312 0.3547885572139303 0.342728297632469 0.20522388059701493
2 0.5676437429537767 0.3541666666666667 0.3945885005636979 0.2126865671641791
1 0.011273957158962795 0.6455223880597015 0.02254791431792559 0.0945273631840796
1 0.010146561443066516 0.35758706467661694 0.020293122886133032 0.10572139303482588
0 0.6082299887260428 0.4925373134328358 0.11273957158962795 0.06902985074626866
0 0.6099210822998873 0.3572761194029851 0.1161217587373168 0.10945273631840796
0 0.3038331454340473 0.4399875621890547 0.11499436302142052 0.07338308457711443
0 0.28410372040586246 0.5715174129353234 0.3100338218714769 0.04415422885572139
0 0.19222096956031567 0.5071517412935324 0.11273957158962795 0.05845771144278607