2 0.5089244851258582 0.1650925733305596 0.2617848970251717 0.17308092365300604
2 0.5068649885583524 0.4270438943207822 0.25400457665903886 0.3255252756396922
2 0.5805491990846682 0.6190971499895985 0.11578947368421044 0.23299355107135433
2 0.44828375286041194 0.7226128562513002 0.1340961098398169 0.25229873101726646
2 0.582608695652174 0.7935094653630124 0.1125858123569794 0.11050551279384214
2 0.571395881006865 0.9133347201997087 0.09473684210526323 0.10517994591221128
2 0.19450800915331806 0.3737882255044727 0.25720823798627 0.21901393800707308
2 0.19061784897025172 0.5571874349906387 0.26590389016018307 0.11849386311628879
2 0.09633867276887872 0.6703557312252965 0.08283752860411901 0.10517994591221128
2 0.09725400457665904 0.7908466819221968 0.07917620137299772 0.11183690451424995
2 0.177116704805492 0.7931766174329105 0.06224256292906177 0.10451425005200737
2 0.20320366132723114 0.6740170584564177 0.1135011441647597 0.09652589972956106
2 0.26864988558352404 0.7339296858747659 0.10892448512585814 0.22833368004992718
2 0.8441647597254005 0.37412107343457457 0.2668192219679635 0.21435406698564596
2 0.77116704805492 0.5525275639692115 0.11624713958810062 0.11050551279384231
2 0.9038901601830664 0.5525275639692115 0.13272311212814647 0.11982525483669643
2 0.9173913043478261 0.7382567089660911 0.12219679633867275 0.2303307676305389
2 0.788329519450801 0.7369253172456834 0.14782608695652177 0.23698772623257758
1 0.91441647597254 0.8604118993135011 0.0668192219679633 0.012648221343873445
1 0.7745995423340961 0.8587476596629915 0.06910755148741421 0.01597670064489294
1 0.7839816933638444 0.2602870813397129 0.09794050343249427 0.01730809236530058
1 0.925629290617849 0.2602870813397129 0.04897025171624714 0.01863948408570838
1 0.45263157894736844 0.26361556064073227 0.0951945080091533 0.01863948408570838
1 0.5919908466819223 0.26361556064073227 0.03707093821510288 0.021302267526523814
1 0.4377574370709382 0.8614104431038071 0.06819221967963385 0.021302267526523814
1 0.568649885583524 0.8570834200124818 0.06819221967963385 0.012648221343873445
1 0.2576659038901602 0.8614104431038071 0.06956521739130436 0.014645308924485144
1 0.1102974828375286 0.8594133555231953 0.04485125858123572 0.01065113376326207
0 0.2917620137299771 0.4786353234865821 0.04622425629290616 0.07322654462242571
0 0.10503432494279177 0.7096317869773248 0.03340961098398171 0.050592885375494105
0 0.15583524027459955 0.6473892240482629 0.04805491990846683 0.057915539837736674