2 0.730224609375 0.5131392045454546 0.119140625 0.3806818181818182
2 0.550048828125 0.5099431818181818 0.2236328125 0.3693181818181818
2 0.418212890625 0.6171875 0.16015625 0.16832386363636365
2 0.346923828125 0.4247159090909091 0.17333984375 0.1953125
2 0.298095703125 0.6200284090909091 0.076171875 0.1640625
2 0.2158203125 0.6036931818181818 0.072265625 0.1377840909090909
2 0.58642578125 0.12144886363636363 0.150390625 0.24289772727272727
2 0.460693359375 0.12180397727272728 0.08154296875 0.24360795454545456
2 0.298095703125 0.037642045454545456 0.07177734375 0.07528409090909091
2 0.38037109375 0.07528409090909091 0.06640625 0.15056818181818182
2 0.339111328125 0.16335227272727273 0.15673828125 0.15838068181818182
2 0.58642578125 0.9034090909090909 0.1474609375 0.19318181818181818
2 0.4638671875 0.89453125 0.076171875 0.1690340909090909
2 0.3369140625 0.9058948863636364 0.1630859375 0.18821022727272727
1 0.25341796875 0.8995028409090909 0.0107421875 0.10085227272727272
1 0.664794921875 0.9129971590909091 0.01171875 0.14275568181818182
1 0.66259765625 0.43110795454545453 0.0126953125 0.13849431818181818
1 0.66259765625 0.6338778409090909 0.0146484375 0.05397727272727273
1 0.25146484375 0.4094460227272727 0.0146484375 0.09943181818181818
1 0.25439453125 0.5997869318181818 0.0087890625 0.09943181818181818
1 0.25146484375 0.1473721590909091 0.01025390625 0.10085227272727272
0 0.5146484375 0.19708806818181818 0.05029296875 0.06747159090909091
0 0.3984375 0.017045454545454544 0.0400390625 0.03409090909090909