2 0.509033203125 0.1651278409090909 0.26171875 0.17329545454545456
2 0.5068359375 0.42720170454545453 0.25390625 0.3252840909090909
2 0.58056640625 0.6189630681818182 0.11572265625 0.23295454545454544
2 0.4482421875 0.72265625 0.13427734375 0.2521306818181818
2 0.58251953125 0.7936789772727273 0.11279296875 0.11079545454545454
2 0.5712890625 0.9133522727272727 0.0947265625 0.10511363636363637
2 0.194580078125 0.3739346590909091 0.25732421875 0.21875
2 0.190673828125 0.5571732954545454 0.26611328125 0.11860795454545454
2 0.096435546875 0.6704545454545454 0.0830078125 0.10511363636363637
2 0.09716796875 0.7908380681818182 0.0791015625 0.11150568181818182
2 0.177001953125 0.7933238636363636 0.06201171875 0.10440340909090909
2 0.203125 0.6740056818181818 0.11328125 0.09659090909090909
2 0.2685546875 0.7340198863636364 0.10888671875 0.22798295454545456
2 0.84423828125 0.3742897727272727 0.2666015625 0.21448863636363635
2 0.771240234375 0.5525568181818182 0.1162109375 0.11079545454545454
2 0.90380859375 0.5525568181818182 0.1328125 0.12002840909090909
2 0.91748046875 0.73828125 0.1220703125 0.23011363636363635
2 0.788330078125 0.7368607954545454 0.14794921875 0.2372159090909091
1 0.914306640625 0.8604403409090909 0.06689453125 0.01278409090909091
1 0.774658203125 0.8586647727272727 0.0693359375 0.015625
1 0.783935546875 0.26029829545454547 0.09814453125 0.017045454545454544
1 0.925537109375 0.26029829545454547 0.048828125 0.018465909090909092
1 0.45263671875 0.2634943181818182 0.09521484375 0.018465909090909092
1 0.592041015625 0.2634943181818182 0.037109375 0.02130681818181818
1 0.437744140625 0.8615056818181818 0.068359375 0.02130681818181818
1 0.568603515625 0.8572443181818182 0.068359375 0.01278409090909091
1 0.257568359375 0.8615056818181818 0.0693359375 0.014914772727272728
1 0.1103515625 0.859375 0.044921875 0.01065340909090909
0 0.291748046875 0.4786931818181818 0.04638671875 0.07315340909090909
0 0.10498046875 0.7095170454545454 0.033203125 0.05042613636363636
0 0.15576171875 0.6473721590909091 0.0478515625 0.05823863636363636