2 0.4272105520273571 0.8698224852071006 0.3092330239374695 0.2603550295857988
2 0.6660967269174402 0.9397189349112426 0.14948705422569614 0.11834319526627218
2 0.666829506595017 0.8043639053254438 0.14753297508549096 0.1279585798816568
2 0.23058133854421103 0.488905325443787 0.06741573033707865 0.40606508875739644
2 0.5065950170981924 0.4844674556213018 0.46555935515388375 0.40088757396449703
2 0.6585246702491451 0.39866863905325445 0.15632633121641426 0.22041420118343194
2 0.5649731314118221 0.6523668639053254 0.05031753786028334 0.08579881656804733
2 0.7002931118710308 0.650887573964497 0.07278944797264289 0.07766272189349112
2 0.6995603321934538 0.5628698224852071 0.06936980947728383 0.07470414201183433
2 0.7723497801660967 0.5632396449704142 0.0537371763556424 0.11094674556213018
2 0.22960429897410845 0.11316568047337278 0.06448461162677088 0.22633136094674555
2 0.3507572056668295 0.11316568047337278 0.16609672691744015 0.22633136094674555
2 0.5058622374206155 0.11279585798816567 0.1265266243282853 0.22559171597633135
2 0.6353199804592086 0.1364644970414201 0.20029311187103077 0.1871301775147929
1 0.2706399609184172 0.981508875739645 0.01074743527112848 0.03698224852071006
1 0.2701514411333659 0.8982988165680473 0.010258915486077186 0.07618343195266272
1 0.2716170004885198 0.8147189349112426 0.01172447484123107 0.07914201183431953
1 0.2696629213483146 0.6076183431952663 0.008793356130923302 0.08949704142011834
1 0.26795310210063505 0.4378698224852071 0.01172447484123107 0.07988165680473373
1 0.26795310210063505 0.35613905325443784 0.012701514411333659 0.07914201183431953
1 0.26795310210063505 0.14940828402366865 0.009281875915974597 0.09689349112426035
1 0.26477772349780165 0.008875739644970414 0.005862237420615535 0.01775147928994083
1 0.7423058133854421 0.6538461538461539 0.009281875915974597 0.04955621301775148
1 0.7425500732779677 0.40754437869822485 0.008793356130923302 0.022928994082840236
1 0.7440156326331216 0.3664940828402367 0.0073277967757694185 0.058431952662721894
1 0.7410845139228138 0.1283284023668639 0.006350757205666829 0.09319526627218935
1 0.7408402540302882 0.06582840236686391 0.009770395701025891 0.03698224852071006
1 0.7413287738153396 0.00628698224852071 0.0073277967757694185 0.01257396449704142
0 0.5749877870053737 0.9234467455621301 0.04054714215925745 0.04363905325443787
0 0.5757205666829507 0.8450443786982249 0.034684904738641914 0.042899408284023666
0 0.6624328285295554 0.8964497041420119 0.03224230581338544 0.057692307692307696
0 0.6492427943331704 0.632396449704142 0.03663898387884709 0.04585798816568047
0 0.6678065461651197 0.5913461538461539 0.015632633121641426 0.023668639053254437
0 0.6797752808988764 0.5517751479289941 0.03419638495359062 0.05547337278106509
0 0.7591597459697118 0.5647189349112426 0.0449438202247191 0.0628698224852071
0 0.28651685393258425 0.5277366863905325 0.04592085979482169 0.058431952662721894
0 0.2862725940400586 0.06619822485207101 0.04934049829018075 0.0650887573964497
0 0.4208597948216903 0.013313609467455622 0.05031753786028334 0.026627218934911243
0 0.5517830972154373 0.0628698224852071 0.03761602344894968 0.07544378698224852
0 0.5913531998045921 0.01664201183431953 0.044455300439667805 0.03328402366863906
0 0.5715681485100147 0.5869082840236687 0.028334147532975085 0.07026627218934911