2 0.20726288975336188 0.38967980782229794 0.2685845718755125 0.4678819895799752
2 0.11912670863872973 0.7530703715643555 0.09055388184346246 0.22162831085367243
2 0.2096805904821922 0.7514064953567454 0.0782455872239627 0.22628716423498096
2 0.2989157264735654 0.7527375963228335 0.08439973453371254 0.22362496230280457
2 0.5072775711036683 0.09217874190160252 0.268144989924816 0.10182922390574141
2 0.5103546447585433 0.5101444452532731 0.2646283343192446 0.7048179615436609
2 0.5668409254230332 0.7400921371449963 0.14550162568051486 0.23693597196368588
2 0.3993602022076973 0.5983298842566113 0.056706071639838096 0.07587275506702305
2 0.4002393661090901 0.8033194330341822 0.0514310882314811 0.11048138018531425
2 0.45848397457636575 0.8019883320680941 0.04923317847799899 0.1051569763209618
2 0.45826418360101756 0.9124697122534082 0.0734101857663021 0.08119715893137534
2 0.8160838914679032 0.0908476409355144 0.27122206357969103 0.09783592100747705
2 0.816963055369296 0.27420679901415335 0.2729803913824766 0.2515780825906553
2 0.7657517581131631 0.509146119528707 0.16967863296881797 0.19167853911668967
2 0.7400362139974226 0.704817961543661 0.12352252814569396 0.303491020268092
2 0.879823274318884 0.737762710454342 0.1437432978777293 0.23493932051455366
2 0.9031211177057943 0.5557346533417914 0.08747680818858754 0.10382587535487352
2 0.9037804906318389 0.4559020808851821 0.0914330457448553 0.08519046182963994
1 0.11363193425502449 0.15540603779078835 0.05055192433008827 0.012645459177837161
1 0.1692390510181216 0.15274383585861212 0.04923317847799899 0.016638762076101543
1 0.23693467142537022 0.15207828537556806 0.050112342379391876 0.01530766111001343
1 0.2921022062377709 0.15407493682470022 0.052310252132873984 0.017969863042189657
1 0.4290319838797056 0.15107995965100196 0.058903981393320204 0.013311009660881218
1 0.5411253813072926 0.14875053296034774 0.05274983408357043 0.017969863042189657
1 0.594974170267604 0.14875053296034774 0.052310252132873984 0.01930096400827777
1 0.7314643659588423 0.14875053296034774 0.06417896480167731 0.013976560143925275
1 0.8435577633864294 0.14409167957903932 0.050112342379391765 0.00865215627957278
1 0.8993846711248746 0.1460883310281715 0.0492331784779991 0.00865215627957278
1 0.39848103830630444 0.86687950416489 0.03296864630223144 0.013976560143925402
1 0.5611263600639798 0.8672122794064121 0.015385368274374662 0.013311009660881303
1 0.5881606500318095 0.8695417060970663 0.038683211661284876 0.011314358211749006
1 0.7455309883811279 0.8648828527157579 0.06154147309749865 0.009983257245660808
1 0.7868516917465912 0.8645500774742358 0.02461658923899955 0.0146421106269695
1 0.8303703048655368 0.865548403198802 0.017583278027856884 0.011314358211749006
1 0.870372262378911 0.8635517517496697 0.0597831452947131 0.012645459177837205
0 0.056925862615186354 0.6053181643285739 0.04176028531615986 0.05923399299092143
0 0.12198399131825646 0.6119736691590145 0.04263944921755271 0.060565093957009625
0 0.22023055729890628 0.6136375453666246 0.029012408745963714 0.06123064444005372
0 0.27210122748108384 0.6146358710911908 0.02813324484457088 0.05257848816048094
0 0.23803362630211128 0.7457493162508708 0.03824362971058852 0.04858518526221643
0 0.4125476607285899 0.7257828017595491 0.03033115459805299 0.05524069009265717
0 0.4395819506964197 0.7540686972889217 0.01582495022507111 0.02395981738958621
0 0.46573707676285664 0.7720385603311113 0.03648530190780288 0.05191293767743676
0 0.4571652287242765 0.8925031977620865 0.04132070336546343 0.06788614927049437
0 0.48178181796327596 0.1767036532481983 0.038683211661284876 0.06988280071962646
0 0.7864121097958948 0.17637087800667628 0.0430790311682491 0.07454165410093488
0 0.8321286326683225 0.38069487630120313 0.03956237556267777 0.07587275506702305
0 0.8428983904603847 0.5294454092615509 0.03648530190780288 0.05257848816048094
0 0.8664160248226432 0.47653414585954806 0.038683211661284876 0.04925073574526062
0 0.7888298105247251 0.5783633697652895 0.04967276042869532 0.0572373415417893
0 0.8299307229148404 0.6385956884807771 0.043958195069641985 0.06722059878745028
0 0.44265902435129467 0.6083131415022722 0.046595686773820436 0.04259523091481997