2 0.20737664875427456 0.38979289940828404 0.268685881778212 0.4681952662721893
2 0.11919882755251587 0.7529585798816568 0.0903761602344895 0.22189349112426035
2 0.20957498778700537 0.7514792899408284 0.07816316560820713 0.22633136094674555
2 0.2989741084513923 0.7525887573964497 0.08451392281387396 0.22337278106508876
2 0.5073277967757694 0.09208579881656805 0.26819736199316074 0.10207100591715976
2 0.5102589154860772 0.5099852071005917 0.26477772349780165 0.7048816568047337
2 0.5669272105520273 0.7400147928994083 0.14557889594528578 0.23668639053254437
2 0.3993649242794333 0.5983727810650887 0.05666829506595017 0.07618343195266272
2 0.4003419638495359 0.8032544378698225 0.05129457743038593 0.11020710059171597
2 0.45847581827063993 0.8021449704142012 0.04934049829018075 0.10502958579881656
2 0.4582315583781143 0.9123520710059172 0.07327796775769418 0.08136094674556213
2 0.8160723009281876 0.09097633136094675 0.2711284807034685 0.09763313609467456
2 0.8170493404982901 0.27403846153846156 0.2730825598436737 0.2514792899408284
2 0.7657547630679042 0.5092455621301775 0.1695163654127992 0.1915680473372781
2 0.7401074743527113 0.7048816568047337 0.12359550561797752 0.3032544378698225
2 0.8798241328773815 0.7377958579881657 0.1436248168050806 0.23520710059171598
2 0.903028822667318 0.5558431952662722 0.08744504152418173 0.10355029585798817
2 0.903761602344895 0.45599112426035504 0.09135319980459208 0.08505917159763314
1 0.11358085002442599 0.15532544378698224 0.05031753786028334 0.01257396449704142
1 0.16927210552027358 0.15273668639053253 0.04934049829018075 0.016272189349112426
1 0.23693209574987786 0.15199704142011836 0.05031753786028334 0.015532544378698224
1 0.29213483146067415 0.15421597633136094 0.05227161700048852 0.01775147928994083
1 0.4289203712750366 0.15125739644970415 0.05911089399120664 0.013313609467455622
1 0.5410356619443087 0.14866863905325445 0.05276013678553981 0.01775147928994083
1 0.5950170981924768 0.14866863905325445 0.05227161700048852 0.019230769230769232
1 0.7315583781143137 0.14866863905325445 0.06399609184171959 0.014053254437869823
1 0.8436736687835857 0.14423076923076922 0.05031753786028334 0.008875739644970414
1 0.8993649242794333 0.14607988165680474 0.04934049829018075 0.008875739644970414
1 0.39838788470933073 0.8668639053254438 0.032730825598436736 0.014053254437869823
1 0.5610649731314118 0.8672337278106509 0.015144113336590131 0.013313609467455622
1 0.5881778212017587 0.8694526627218935 0.03859306301905227 0.011094674556213017
1 0.7454811919882756 0.8650147928994083 0.061553492916463115 0.009615384615384616
1 0.7867611138251099 0.8646449704142012 0.024425989252564728 0.014792899408284023
1 0.8304836345872008 0.8653846153846154 0.017586712261846604 0.011094674556213017
1 0.8702979970688813 0.8635355029585798 0.05959941377625794 0.01257396449704142
0 0.05691255495847582 0.6053994082840237 0.04152418172936004 0.05917159763313609
0 0.121885686370298 0.6120562130177515 0.04250122129946263 0.060650887573964495
0 0.22032242305813385 0.6135355029585798 0.02882266731802638 0.0613905325443787
0 0.2721055202735711 0.6146449704142012 0.028334147532975085 0.05251479289940828
0 0.2381533952125061 0.7459319526627219 0.038104543234000976 0.04881656804733728
0 0.41255495847581825 0.7259615384615384 0.030288226673180263 0.05547337278106509
0 0.4396678065461651 0.7540680473372781 0.015632633121641426 0.023668639053254437
0 0.4658036150464094 0.772189349112426 0.03663898387884709 0.051775147928994084
0 0.4572545188080117 0.8923816568047337 0.04152418172936004 0.06804733727810651
0 0.48168050806057644 0.17677514792899407 0.03859306301905227 0.0695266272189349
0 0.7865168539325843 0.17640532544378698 0.04298974108451392 0.07470414201183433
0 0.8321934538348803 0.3805473372781065 0.03957010258915486 0.07618343195266272
0 0.8429408891060088 0.5295857988165681 0.03663898387884709 0.05251479289940828
0 0.866389838788471 0.47670118343195267 0.03859306301905227 0.04955621301775148
0 0.7887151929653151 0.5784023668639053 0.049829018075232046 0.05695266272189349
0 0.8299951148021495 0.6386834319526628 0.04396678065461651 0.0673076923076923
0 0.4425989252564729 0.6083579881656804 0.046409379579872984 0.042899408284023666