2 0.197509765625 0.5302325581395348 0.09521484375 0.2930232558139535
2 0.286865234375 0.5273255813953488 0.05810546875 0.2872093023255814
2 0.352294921875 0.5110465116279069 0.05517578125 0.2744186046511628
2 0.446533203125 0.5098837209302326 0.12451171875 0.2709302325581395
2 0.558837890625 0.5145348837209303 0.0888671875 0.2779069767441861
2 0.654541015625 0.5186046511627908 0.0927734375 0.26627906976744187
2 0.08984375 0.22674418604651161 0.11376953125 0.28837209302325584
2 0.191162109375 0.22906976744186047 0.08251953125 0.2813953488372093
2 0.470458984375 0.22965116279069767 0.474609375 0.28837209302325584
2 0.839111328125 0.45232558139534884 0.25830078125 0.713953488372093
2 0.77783203125 0.47848837209302325 0.1318359375 0.2372093023255814
2 0.769775390625 0.7 0.12109375 0.15813953488372093
1 0.034912109375 0.23895348837209301 0.04296875 0.25465116279069766
1 0.088623046875 0.07441860465116279 0.02490234375 0.02558139534883721
1 0.1298828125 0.07267441860465117 0.02978515625 0.02558139534883721
1 0.1708984375 0.07034883720930232 0.025390625 0.026744186046511628
1 0.211669921875 0.075 0.0283203125 0.03604651162790698
1 0.25244140625 0.07674418604651163 0.03076171875 0.030232558139534883
1 0.291015625 0.075 0.02490234375 0.030232558139534883
1 0.356201171875 0.07267441860465117 0.033203125 0.031395348837209305
1 0.39990234375 0.06918604651162791 0.03369140625 0.031395348837209305
1 0.44482421875 0.075 0.0283203125 0.026744186046511628
1 0.490234375 0.07325581395348837 0.0244140625 0.026744186046511628
1 0.53564453125 0.07325581395348837 0.025390625 0.026744186046511628
1 0.58251953125 0.07267441860465117 0.0283203125 0.031395348837209305
1 0.626953125 0.07383720930232558 0.02685546875 0.029069767441860465
1 0.67333984375 0.07441860465116279 0.02587890625 0.02558139534883721
1 0.736083984375 0.08372093023255814 0.0283203125 0.022093023255813953
1 0.776123046875 0.08546511627906976 0.0283203125 0.02558139534883721
1 0.816650390625 0.08488372093023255 0.02880859375 0.037209302325581395
1 0.85693359375 0.08604651162790698 0.02587890625 0.026744186046511628
1 0.8984375 0.08837209302325581 0.03173828125 0.031395348837209305
1 0.9384765625 0.08546511627906976 0.02587890625 0.022093023255813953
1 0.970947265625 0.17151162790697674 0.017578125 0.06395348837209303
1 0.971435546875 0.27848837209302324 0.0126953125 0.05813953488372093
1 0.970947265625 0.3819767441860465 0.0146484375 0.07325581395348837
1 0.969970703125 0.47848837209302325 0.0126953125 0.06162790697674419
1 0.969970703125 0.5854651162790697 0.0126953125 0.0686046511627907
1 0.972412109375 0.6912790697674419 0.013671875 0.05813953488372093
1 0.970947265625 0.7866279069767442 0.0146484375 0.05930232558139535
1 0.705810546875 0.736046511627907 0.0107421875 0.06744186046511629
1 0.670654296875 0.6651162790697674 0.0263671875 0.026744186046511628
1 0.62646484375 0.6622093023255814 0.02490234375 0.026744186046511628
1 0.580078125 0.6604651162790698 0.025390625 0.020930232558139535
1 0.53369140625 0.6593023255813953 0.02685546875 0.02558139534883721
1 0.44580078125 0.6563953488372093 0.02734375 0.02558139534883721
1 0.3994140625 0.6581395348837209 0.02734375 0.019767441860465116
1 0.3525390625 0.6622093023255814 0.02880859375 0.026744186046511628
1 0.30029296875 0.6866279069767441 0.02978515625 0.03837209302325582
0 0.151611328125 0.413953488372093 0.02197265625 0.03837209302325582
0 0.16845703125 0.39069767441860465 0.02099609375 0.03953488372093023
0 0.224853515625 0.32209302325581396 0.0234375 0.09069767441860466
0 0.2578125 0.4197674418604651 0.02392578125 0.05232558139534884
0 0.3369140625 0.36627906976744184 0.01318359375 0.03837209302325582
0 0.3251953125 0.20813953488372092 0.01513671875 0.044186046511627906
0 0.3740234375 0.41627906976744183 0.02099609375 0.05
0 0.34326171875 0.4232558139534884 0.015625 0.03488372093023256
0 0.507568359375 0.41337209302325584 0.0185546875 0.03953488372093023
0 0.59912109375 0.4127906976744186 0.01806640625 0.05232558139534884
0 0.489990234375 0.6488372093023256 0.0302734375 0.03953488372093023
0 0.818359375 0.7709302325581395 0.0244140625 0.047674418604651166
0 0.8173828125 0.625 0.02587890625 0.06162790697674419
0 0.720703125 0.3430232558139535 0.0283203125 0.03372093023255814
0 0.673828125 0.30116279069767443 0.02685546875 0.03604651162790698