2 0.488525390625 0.030813953488372094 0.12060546875 0.06162790697674419
2 0.495361328125 0.14825581395348839 0.115234375 0.1313953488372093
2 0.495849609375 0.37267441860465117 0.11376953125 0.29651162790697677
2 0.493896484375 0.6401162790697674 0.11669921875 0.2116279069767442
2 0.4921875 0.8680232558139535 0.11181640625 0.22093023255813954
2 0.61328125 0.49709302325581395 0.12109375 0.9941860465116279
1 0.67822265625 0.015697674418604653 0.0126953125 0.031395348837209305
1 0.679443359375 0.15755813953488373 0.01318359375 0.07906976744186046
1 0.680908203125 0.2616279069767442 0.01318359375 0.08023255813953488
1 0.678466796875 0.3686046511627907 0.01123046875 0.06744186046511629
1 0.67919921875 0.47674418604651164 0.01123046875 0.05813953488372093
1 0.67919921875 0.5848837209302326 0.01123046875 0.06046511627906977
1 0.679443359375 0.6965116279069767 0.01318359375 0.06744186046511629
1 0.678955078125 0.8023255813953488 0.01220703125 0.06395348837209303
1 0.6787109375 0.9127906976744186 0.0107421875 0.06162790697674419
1 0.40087890625 0.9883720930232558 0.0283203125 0.023255813953488372
1 0.4306640625 0.9063953488372093 0.01123046875 0.06279069767441861
1 0.431884765625 0.8011627906976744 0.01123046875 0.05930232558139535
1 0.4326171875 0.6906976744186046 0.0087890625 0.06046511627906977
1 0.43310546875 0.5802325581395349 0.0107421875 0.06395348837209303
1 0.434326171875 0.37093023255813956 0.0107421875 0.06511627906976744
1 0.43359375 0.26046511627906976 0.00830078125 0.06511627906976744
1 0.431884765625 0.14883720930232558 0.01123046875 0.0686046511627907
1 0.421630859375 0.029651162790697676 0.01611328125 0.05930232558139535
0 0.55615234375 0.11162790697674418 0.01611328125 0.031395348837209305
0 0.62255859375 0.08372093023255814 0.0185546875 0.03604651162790698
0 0.53515625 0.2 0.02099609375 0.05
0 0.5322265625 0.12674418604651164 0.0146484375 0.037209302325581395
0 0.536376953125 0.5180232558139535 0.0166015625 0.044186046511627906
0 0.53662109375 0.736046511627907 0.02197265625 0.04302325581395349
0 0.4375 0.4761627906976744 0.0166015625 0.07209302325581396
0 0.58349609375 0.913953488372093 0.01513671875 0.06395348837209303