2 0.19754359647477968 0.530265699745769 0.09506844177761109 0.29337647556460655
2 0.2869866866679167 0.527139922989373 0.05831614475904745 0.2871249220518143
2 0.3522407650478155 0.5112877694390783 0.05494093380836307 0.27417527548960186
2 0.4466529158072379 0.5097248810608803 0.12450778173635857 0.2710494987332056
2 0.5588786799174948 0.5144135461954744 0.08906806675417211 0.277747591782626
2 0.6546034127132946 0.5184324020251266 0.093005812863304 0.2661375638302976
2 0.08972435777236079 0.22684208460703212 0.11381961372585787 0.28846454066169835
2 0.19116819801237578 0.2288515125218582 0.0823176448528033 0.2808733685390221
2 0.4704669041815113 0.22974459159511423 0.47477967372960805 0.28891108019832634
2 0.8391149446840427 0.4523445506041802 0.2583911494468405 0.7144632586048255
2 0.777892368273017 0.4786903832652331 0.13182073879617473 0.23755903348610458
2 0.7698293643352709 0.7001739934327291 0.12132008250515658 0.15807499596631758
1 0.03487717982373898 0.23867538232767455 0.04275267204200263 0.2549740754145971
1 0.08869304331520719 0.07434883284856467 0.024751546971685745 0.025452753587796913
1 0.1299456216013501 0.0725626747020526 0.029626851678229885 0.025452753587796906
1 0.17082317644852804 0.07032997701891251 0.02550159384961559 0.027238911734308972
1 0.211700731295706 0.07501864215350669 0.028126757922370127 0.03661624200349731
1 0.2524845302831427 0.07680480030001875 0.030939433714607167 0.03036468849070508
1 0.2910181886367898 0.07501864215350669 0.02475154697168569 0.03036468849070508
1 0.3562722670166885 0.0725626747020526 0.03337708606787926 0.03170430710058914
1 0.3998687417963623 0.06943689794565648 0.03356459778736176 0.03170430710058914
1 0.4447777986124133 0.07501864215350669 0.028126757922370182 0.026792372197680964
1 0.4902493905869117 0.07345575377530864 0.024189011813238293 0.027238911734308972
1 0.5357209825614101 0.07345575377530864 0.0255015938496157 0.027238911734308972
1 0.582598912432027 0.0725626747020526 0.02812675792237007 0.03170430710058914
1 0.6268516782298894 0.07412556308025064 0.026626664166510494 0.028578530344193016
1 0.6734483405212826 0.07434883284856467 0.026064129008062986 0.025452753587796913
1 0.7359834989686855 0.083949432886067 0.02812675792237007 0.022326976831400804
1 0.7761110069379336 0.08551232126426507 0.02812675792237007 0.025452753587796906
1 0.8167072942058878 0.08461924219100904 0.02868929308081758 0.037062781540125316
1 0.856834802175136 0.08618213056920708 0.026064129008062986 0.026792372197680964
1 0.8983686480405025 0.08863809802066117 0.03150196887305445 0.03170430710058914
1 0.9385899118694918 0.08528905149595105 0.026064129008062986 0.022326976831400804
1 0.9710294393399588 0.17169445183347215 0.017438589911869418 0.0638551537378063
1 0.9714044627789237 0.27841740108756796 0.012563285205325236 0.05760360022501405
1 0.9710294393399588 0.3820145735852677 0.014813425839115046 0.07367902354362264
1 0.9699981248828051 0.4784671134969191 0.012750796924807739 0.06206899559129418
1 0.9699981248828051 0.5854133325193289 0.012750796924807739 0.06876708864071442
1 0.9724357772360772 0.6914664724684827 0.01350084380273775 0.05760360022501398
1 0.9710294393399588 0.7863561240019361 0.014813425839115046 0.05894321883489802
1 0.7058878679917495 0.7358971563629703 0.010688168010500654 0.06698093049420248
1 0.6707294205887868 0.6651206398074297 0.02625164072754549 0.027238911734309038
1 0.6264766547909244 0.6619948630510337 0.02475154697168569 0.027238911734309038
1 0.5799737483592724 0.6604319746728357 0.0255015938496157 0.020540818684888607
1 0.5337521095068442 0.6595388955995796 0.026814175885992775 0.025899293124425005
1 0.4457153572098256 0.6561898490748695 0.027376711044440283 0.025452753587796906
1 0.39949371835739733 0.6579760072213815 0.027564222763922785 0.019201200075004574
1 0.35261578848678043 0.6619948630510337 0.02868929308081758 0.027238911734309038
1 0.30039377461091316 0.6867778073338886 0.030001875117194876 0.03840240015000941
0 0.15169698106131632 0.4139421504541708 0.022126382898931207 0.03840240015000941
0 0.16847927995499717 0.39094536431782795 0.02081380086255391 0.039742018759893444
0 0.22473279579973748 0.32217827567711355 0.02343896493530845 0.09064752593548725
0 0.25782861428839304 0.41952389466202106 0.024001500093755873 0.052245125785477846
0 0.33686480405025315 0.36616242003497307 0.013313332083255247 0.03840240015000941
0 0.3251453215825989 0.20808742406865544 0.015375960997562332 0.04465395366280161
0 0.37399212450778174 0.41639811790562486 0.02081380086255391 0.04956588856570978
0 0.343240202512657 0.42354275049167317 0.015563472717044835 0.03527662339361324
0 0.5075942246390399 0.4132723411492288 0.018751171948246714 0.039742018759893444
0 0.5990999437464841 0.4130490713809148 0.018001125070316926 0.052691665322105945
0 0.48987436714794674 0.6490452164888212 0.030189386836677323 0.039742018759893444
0 0.81839489968123 0.7711737797565836 0.024189011813238404 0.04822626995582575
0 0.8174573410838177 0.6249320815109084 0.026064129008062986 0.06206899559129418
0 0.7206075379711232 0.34316563389863025 0.02812675792237007 0.03349046524710124
0 0.6737296081005063 0.3014141872239108 0.026626664166510494 0.03661624200349731