2 0.2632534495279593 0.8761904761904762 0.2476397966594045 0.19487179487179487
2 0.4713144517066086 0.5256410256410257 0.6521423384168482 0.5062271062271062
2 0.6826434277414669 0.571062271062271 0.23819898329702252 0.19706959706959706
2 0.6793754538852578 0.37655677655677655 0.23602033405954975 0.189010989010989
2 0.8870733478576616 0.7311355311355311 0.12418300653594772 0.14212454212454212
2 0.7396514161220044 0.8835164835164835 0.1111111111111111 0.18608058608058609
2 0.5954974582425563 0.8809523809523809 0.15541031227305738 0.1956043956043956
2 0.4524328249818446 0.8783882783882784 0.11764705882352941 0.19047619047619047
0 0.3402323892519971 0.7476190476190476 0.09803921568627451 0.07545787545787545
0 0.4785766158315178 0.7527472527472527 0.04793028322440087 0.06813186813186813
0 0.5947712418300654 0.7498168498168498 0.07697893972403776 0.07985347985347985
0 0.603122730573711 0.6443223443223444 0.074800290486565 0.07838827838827839
0 0.5980392156862745 0.40476190476190477 0.08061002178649238 0.07545787545787545
0 0.6506899055918663 0.8769230769230769 0.07262164124909223 0.06153846153846154
0 0.8474945533769063 0.7168498168498169 0.08278867102396514 0.07985347985347985
0 0.10384894698620188 0.6974358974358974 0.08859840232389252 0.07032967032967033
1 0.12962962962962962 0.8772893772893773 0.02832244008714597 0.11355311355311355
1 0.13071895424836602 0.47545787545787543 0.024691358024691357 0.2358974358974359
1 0.20334059549745825 0.2681318681318681 0.05809731299927379 0.02783882783882784
1 0.4466230936819172 0.26886446886446885 0.10602759622367465 0.03076923076923077
1 0.8122730573710966 0.4021978021978022 0.03558460421205519 0.10402930402930403
1 0.8155410312273057 0.5860805860805861 0.03340595497458242 0.11135531135531136
1 0.8111837327523602 0.8765567765567766 0.03631082062454612 0.06813186813186813