2 0.7367465504720406 0.12380952380952381 0.2476397966594045 0.19487179487179487
2 0.5286855482933914 0.47435897435897434 0.6521423384168482 0.5062271062271062
2 0.31735657225853303 0.4289377289377289 0.23819898329702252 0.19706959706959706
2 0.32062454611474217 0.6234432234432234 0.23602033405954975 0.189010989010989
2 0.11292665214233842 0.26886446886446885 0.12418300653594772 0.14212454212454212
2 0.26034858387799564 0.11648351648351649 0.1111111111111111 0.18608058608058609
2 0.4045025417574437 0.11904761904761904 0.15541031227305738 0.1956043956043956
2 0.5475671750181554 0.12161172161172161 0.11764705882352941 0.19047619047619047
0 0.6597676107480029 0.2523809523809524 0.09803921568627451 0.07545787545787545
0 0.5214233841684822 0.24725274725274726 0.04793028322440087 0.06813186813186813
0 0.40522875816993464 0.2501831501831502 0.07697893972403776 0.07985347985347985
0 0.39687726942628904 0.3556776556776557 0.074800290486565 0.07838827838827839
0 0.4019607843137255 0.5952380952380952 0.08061002178649238 0.07545787545787545
0 0.3493100944081336 0.12307692307692308 0.07262164124909223 0.06153846153846154
0 0.15250544662309368 0.28315018315018314 0.08278867102396514 0.07985347985347985
0 0.8961510530137982 0.30256410256410254 0.08859840232389252 0.07032967032967033
1 0.8703703703703703 0.1227106227106227 0.02832244008714597 0.11355311355311355
1 0.869281045751634 0.5245421245421246 0.024691358024691357 0.2358974358974359
1 0.7966594045025418 0.7318681318681318 0.05809731299927379 0.02783882783882784
1 0.5533769063180828 0.7311355311355311 0.10602759622367465 0.03076923076923077
1 0.1877269426289034 0.5978021978021978 0.03558460421205519 0.10402930402930403
1 0.18445896877269427 0.4139194139194139 0.03340595497458242 0.11135531135531136
1 0.1888162672476398 0.12344322344322345 0.03631082062454612 0.06813186813186813