2 0.8860933211344922 0.18500738552437224 0.22781335773101555 0.12333825701624815
2 0.6239707227813358 0.55096011816839 0.7520585544373285 0.5878877400295421
2 0.7140896614821592 0.767725258493353 0.09149130832570906 0.11078286558345643
2 0.5919487648673376 0.7758493353028065 0.13083257090576395 0.12703101920236337
2 0.45288197621225984 0.78397341211226 0.1161939615736505 0.12850812407680945
2 0.6322049405306496 0.4080502215657312 0.2607502287282708 0.2983751846381093
2 0.3810612991765782 0.40251107828655835 0.2342177493138152 0.2902511078286558
2 0.12305580969807868 0.4412850812407681 0.23787740164684354 0.36779911373707536
1 0.9423604757548033 0.2518463810930576 0.11527904849039342 0.019202363367799114
1 0.6280878316559927 0.2511078286558346 0.16651418115279049 0.019940915805022157
1 0.36688014638609334 0.25295420974889216 0.1637694419030192 0.026587887740029542
1 0.11253430924062215 0.2536927621861152 0.16010978956999086 0.022156573116691284
0 0.8398902104300091 0.25775480059084194 0.0777676120768527 0.12038404726735598
0 0.7278133577310155 0.6960856720827179 0.0585544373284538 0.060561299852289516
0 0.7209515096065874 0.5328655834564254 0.0686184812442818 0.06942392909896603
0 0.5827996340347666 0.6857459379615952 0.06129917657822507 0.059084194977843424
0 0.5375114364135407 0.7374446085672083 0.0677035681610247 0.051698670605613
0 0.3847209515096066 0.6694977843426884 0.1372369624885636 0.056129985228951254
0 0.4606587374199451 0.5321270310192023 0.0768526989935956 0.06351550960118169
0 0.2753888380603843 0.5901033973412112 0.08691674290942361 0.05243722304283604