2 0.3623046875 0.9354838709677419 0.0625 0.12903225806451613
2 0.48779296875 0.936491935483871 0.19140625 0.12701612903225806
2 0.34228515625 0.07409274193548387 0.0224609375 0.14818548387096775
2 0.494384765625 0.07258064516129033 0.17724609375 0.14516129032258066
2 0.416259765625 0.07258064516129033 0.12060546875 0.14516129032258066
2 0.4013671875 0.6517137096774194 0.140625 0.30443548387096775
2 0.402587890625 0.3649193548387097 0.1416015625 0.26713709677419356
2 0.528076171875 0.3865927419354839 0.10498046875 0.3155241935483871
2 0.49609375 0.7590725806451613 0.03955078125 0.08366935483870967
2 0.528564453125 0.6834677419354839 0.103515625 0.25
2 0.61767578125 0.6602822580645161 0.06298828125 0.20362903225806453
1 0.327880859375 0.6688508064516129 0.00927734375 0.10987903225806452
1 0.32958984375 0.3553427419354839 0.013671875 0.12298387096774194
1 0.397216796875 0.8140120967741935 0.056640625 0.019153225806451613
1 0.490234375 0.8180443548387096 0.01904296875 0.016129032258064516
1 0.587646484375 0.4173387096774194 0.01171875 0.11290322580645161
1 0.6279296875 0.5488911290322581 0.02978515625 0.020161290322580645
1 0.65576171875 0.6920362903225806 0.01123046875 0.11794354838709678
1 0.630126953125 0.7767137096774194 0.02978515625 0.03125
1 0.414794921875 0.16028225806451613 0.06494140625 0.02620967741935484
1 0.527099609375 0.1587701612903226 0.0205078125 0.017137096774193547
0 0.37841796875 0.9289314516129032 0.03369140625 0.055443548387096774
0 0.488525390625 0.6159274193548387 0.0302734375 0.06350806451612903
0 0.531494140625 0.5756048387096774 0.0302734375 0.08366935483870967
0 0.503173828125 0.6980846774193549 0.0234375 0.05443548387096774
0 0.5361328125 0.6970766129032258 0.02490234375 0.057459677419354836
0 0.59521484375 0.5982862903225806 0.0322265625 0.05040322580645161
0 0.671142578125 0.5922379032258065 0.041015625 0.07661290322580645
0 0.46533203125 0.3467741935483871 0.01904296875 0.047379032258064516
0 0.467529296875 0.296875 0.0234375 0.05241935483870968