2 0.18010915706488778 0.21596666601459344 0.2801697998787144 0.12895400927248188
2 0.24151000606428139 0.3862360374811714 0.0469981807155852 0.21408869500577088
2 0.23559733171619163 0.4754396604002426 0.16676773802304423 0.39499990218900993
2 0.09808975136446331 0.4757526555683797 0.11855670103092783 0.3906179698350907
2 0.10642813826561554 0.3740292259238248 0.061249241964827186 0.16463545844011032
2 0.17601576713159492 0.347424636632172 0.05670103092783507 0.08763864707838576
2 0.17662219526986053 0.4569729454801542 0.0736810187992723 0.08889062775093412
2 0.810794420861128 0.1746513038204973 0.2807762280169799 0.046323284884289606
2 0.8946331109763493 0.313308163305229 0.11006670709520927 0.21471468534204508
2 0.885839902971498 0.5201979694438467 0.1385688295936931 0.1928050235724486
2 0.8485445724681625 0.6435180656898609 0.20224378411158273 0.050079226901934754
2 0.7546998180715585 0.48827246229386334 0.16616130988477873 0.3655783563841234
2 0.7252880533656761 0.3277059410395352 0.10733778047301401 0.24851816350085099
2 0.8080654942389327 0.25196111035035895 0.052759248029108585 0.10328840548524036
2 0.4264705882352941 0.29640642422582597 0.1476652516676774 0.2898335256949471
2 0.5654942389326865 0.29891038557092275 0.1291691934505761 0.2923374870400438
2 0.5548817465130382 0.5577573896202977 0.15281989084293507 0.21659265635086755
2 0.374620982413584 0.49171540914337136 0.0403274711946634 0.08200473405191813
2 0.4111582777440873 0.559009370292846 0.12128562765312312 0.21408869500577082
2 0.4223771983020012 0.7427375339893191 0.09884778653729531 0.12957999960875605
1 0.17722862340812615 0.1467947338562961 0.042146755609460296 0.023161642442144775
1 0.4181322013341419 0.14460376767933644 0.0533656761673742 0.018779710088225505
1 0.5700424499696786 0.14804671452884446 0.05942995755003033 0.028169565132338283
1 0.3479381443298969 0.28764255951798745 0.009399636143117007 0.11706019288327238
1 0.34596725288053365 0.47982159275416186 0.007883565797452974 0.03943739118527355
1 0.5400242571255306 0.6807644906981748 0.054578532443905425 0.02441362311469308
1 0.4761976955730746 0.7643342005907784 0.01000606428138262 0.06134705295487002
1 0.4070648878107944 0.8216123163598662 0.057307459066100686 0.023161642442144716
1 0.365979381443299 0.7687161329446976 0.015160703456640334 0.06134705295487002
1 0.6646452395391146 0.3242629941900272 0.01273499090357788 0.1339619319626753
1 0.6652516676773802 0.5561924137796123 0.008489993935718587 0.041941352530370395
1 0.9554275318374773 0.3233240086856159 0.008489993935718587 0.10203642481269194
1 0.9549727107337781 0.5079911578865002 0.01182534869617946 0.11706019288327241
1 0.034869617950272894 0.41127565093213875 0.013341419041843546 0.0788747823705471
0 0.05761067313523348 0.12019014456464329 0.029714978775015166 0.06760695631761184
0 0.05821710127349909 0.26291594123515716 0.029714978775015166 0.06009507228232166
0 0.24348089751364466 0.24883115866898808 0.03638568829593694 0.06948492732643441
0 0.2921467556094603 0.24883115866898808 0.026986052152819906 0.06948492732643441
0 0.09445118253486962 0.4829515444355328 0.028198908429351133 0.06948492732643438
0 0.13114008489993936 0.34241671394197853 0.03972104305639783 0.06385101429996674
0 0.4439053972104306 0.4763786459046539 0.030927835051546393 0.06259903362741838
0 0.4633110976349303 0.565269273655588 0.04063068526379621 0.06259903362741838
0 0.40403274711946635 0.5064261820458147 0.026379624014554293 0.04882724622938639
0 0.40463917525773196 0.5746591286997007 0.02759248029108552 0.05133120757448312
0 0.4523953911461492 0.6964142491050295 0.024257125530624646 0.06698096598133765
0 0.45542753183747725 0.8535378235098496 0.03699211643420253 0.08450869539701474
0 0.7628865979381444 0.43068135135663843 0.02546998180715576 0.06259903362741838
0 0.7960885385081868 0.3289579217120836 0.02759248029108541 0.050705217238208936
0 0.850970285021225 0.36463937087971204 0.03305033353547615 0.06948492732643438
0 0.8247422680412372 0.504548211036992 0.03759854457246825 0.0500792269019347
0 0.5742874469375379 0.4284903851796788 0.023044269254093308 0.03943739118527355
0 0.5983929654335961 0.43318531270173516 0.025166767738022955 0.04882724622938627