2 0.6376953125 0.06451612903225806 0.0625 0.12903225806451613
2 0.51171875 0.06300403225806452 0.19140625 0.12600806451612903
2 0.6572265625 0.9259072580645161 0.0224609375 0.14818548387096775
2 0.505615234375 0.9269153225806451 0.17724609375 0.1461693548387097
2 0.583251953125 0.9269153225806451 0.12060546875 0.1461693548387097
2 0.5986328125 0.3482862903225806 0.140625 0.30443548387096775
2 0.597412109375 0.6350806451612904 0.1416015625 0.26713709677419356
2 0.471923828125 0.6134072580645161 0.10498046875 0.3155241935483871
2 0.50390625 0.24092741935483872 0.03955078125 0.08366935483870967
2 0.471435546875 0.3165322580645161 0.103515625 0.25
2 0.38232421875 0.3397177419354839 0.06298828125 0.20362903225806453
1 0.672119140625 0.3311491935483871 0.00927734375 0.10987903225806452
1 0.67041015625 0.6446572580645161 0.013671875 0.12298387096774194
1 0.602783203125 0.18598790322580644 0.056640625 0.019153225806451613
1 0.509765625 0.1819556451612903 0.01904296875 0.016129032258064516
1 0.412353515625 0.5826612903225806 0.01171875 0.11290322580645161
1 0.3720703125 0.45110887096774194 0.02978515625 0.020161290322580645
1 0.34423828125 0.3079637096774194 0.01123046875 0.11794354838709678
1 0.369873046875 0.22328629032258066 0.02978515625 0.03125
1 0.585205078125 0.8397177419354839 0.06494140625 0.02620967741935484
1 0.472900390625 0.8412298387096774 0.0205078125 0.017137096774193547
0 0.62158203125 0.07106854838709678 0.03369140625 0.055443548387096774
0 0.511474609375 0.3840725806451613 0.0302734375 0.06350806451612903
0 0.468505859375 0.42439516129032256 0.0302734375 0.08366935483870967
0 0.496826171875 0.3019153225806452 0.0234375 0.05443548387096774
0 0.4638671875 0.3029233870967742 0.02490234375 0.057459677419354836
0 0.40478515625 0.4017137096774194 0.0322265625 0.05040322580645161
0 0.328857421875 0.40776209677419356 0.041015625 0.07661290322580645
0 0.53466796875 0.6532258064516129 0.01904296875 0.047379032258064516
0 0.532470703125 0.703125 0.0234375 0.05241935483870968