2 0.8931924882629108 0.425904317386231 0.2136150234741784 0.2508751458576429
2 0.8227699530516432 0.6365227537922987 0.3544600938967136 0.15635939323220538
2 0.5404929577464789 0.5393815635939323 0.4518779342723005 0.09509918319719954
2 0.22946009389671362 0.5399649941656943 0.12793427230046947 0.0927654609101517
2 0.4724178403755869 0.3926487747957993 0.6068075117370892 0.1855309218203034
2 0.49765258215962443 0.6575262543757293 0.2605633802816901 0.11785297549591599
2 0.2529342723004695 0.6534422403733956 0.17488262910798122 0.11551925320886815
1 0.15199530516431925 0.4040256709451575 0.03403755868544601 0.10093348891481914
0 0.6343896713615024 0.4652858809801634 0.12323943661971831 0.06359393232205368
0 0.732981220657277 0.5256709451575262 0.13262910798122066 0.057176196032672114
0 0.7007042253521126 0.6190198366394399 0.10328638497652583 0.07234539089848308
0 0.5152582159624414 0.5749708284714119 0.11502347417840375 0.051925320886814466
0 0.3890845070422535 0.6254375729288215 0.11150234741784038 0.044340723453908985
0 0.2576291079812207 0.5247957992998833 0.1255868544600939 0.05309218203033839
0 0.10328638497652583 0.5239206534422404 0.13145539906103287 0.056009334889148193