2 0.1068075117370892 0.574095682613769 0.2136150234741784 0.2508751458576429
2 0.1772300469483568 0.3634772462077013 0.3544600938967136 0.15635939323220538
2 0.4595070422535211 0.4606184364060677 0.4518779342723005 0.09509918319719954
2 0.7705399061032864 0.46003500583430573 0.12793427230046947 0.0927654609101517
2 0.5275821596244131 0.6073512252042007 0.6068075117370892 0.1855309218203034
2 0.5023474178403756 0.3424737456242707 0.2605633802816901 0.11785297549591599
2 0.7470657276995305 0.34655775962660446 0.17488262910798122 0.11551925320886815
1 0.8480046948356808 0.5959743290548425 0.03403755868544601 0.10093348891481914
0 0.36561032863849763 0.5347141190198367 0.12323943661971831 0.06359393232205368
0 0.267018779342723 0.47432905484247373 0.13262910798122066 0.057176196032672114
0 0.2992957746478873 0.3809801633605601 0.10328638497652583 0.07234539089848308
0 0.4847417840375587 0.4250291715285881 0.11502347417840375 0.051925320886814466
0 0.6109154929577465 0.37456242707117854 0.11150234741784038 0.044340723453908985
0 0.7423708920187794 0.4752042007001167 0.1255868544600939 0.05309218203033839
0 0.8967136150234741 0.47607934655775963 0.13145539906103287 0.056009334889148193