2 0.25366364270760644 0.9853479853479854 0.1807397069085834 0.029304029304029304
2 0.3080949057920447 0.47710622710622713 0.2909979064898814 0.9542124542124543
2 0.41311933007676205 0.5943223443223443 0.07885554780181438 0.1510989010989011
2 0.47697138869504535 0.8365384615384616 0.2002791346824843 0.3269230769230769
2 0.6106071179344034 0.3356227106227106 0.2944870900209351 0.6712454212454212
2 0.6845778087927425 0.29304029304029305 0.14445219818562458 0.14377289377289376
1 0.22191207257501744 0.961996336996337 0.10537334263782275 0.029304029304029304
0 0.31228192602930915 0.9432234432234432 0.06629448709002093 0.11355311355311355
0 0.32903000697836704 0.5325091575091575 0.06001395673412421 0.08974358974358974
0 0.4748778785764131 0.5769230769230769 0.040474528960223306 0.057692307692307696
0 0.5 0.6437728937728938 0.0642009769713887 0.06684981684981685
0 0.6758548499651081 0.39514652014652013 0.0628053035589672 0.07142857142857142
0 0.7662247034193999 0.4468864468864469 0.10676901605024425 0.09981684981684982