2 0.7456385205861829 0.014194139194139194 0.1807397069085834 0.028388278388278388
2 0.6912072575017446 0.5224358974358975 0.2909979064898814 0.9551282051282052
2 0.586880669923238 0.4056776556776557 0.07885554780181438 0.1510989010989011
2 0.5223307745987439 0.163003663003663 0.2002791346824843 0.326007326007326
2 0.3886950453593859 0.6639194139194139 0.2944870900209351 0.6721611721611722
2 0.3154221912072575 0.706959706959707 0.14445219818562458 0.14377289377289376
1 0.7780879274249826 0.038003663003663 0.10537334263782275 0.029304029304029304
0 0.6870202372644801 0.05631868131868132 0.06629448709002093 0.11263736263736264
0 0.670969993021633 0.4674908424908425 0.06001395673412421 0.08974358974358974
0 0.5251221214235868 0.4230769230769231 0.040474528960223306 0.057692307692307696
0 0.5 0.35622710622710624 0.0642009769713887 0.06684981684981685
0 0.32414515003489186 0.6048534798534798 0.0628053035589672 0.07142857142857142
0 0.23377529658060014 0.5531135531135531 0.10676901605024425 0.09981684981684982