2 0.9572093023255814 0.5066050198150595 0.08558139534883721 0.6512549537648613
2 0.7195348837209302 0.2869881109643329 0.3293023255813953 0.21136063408190225
2 0.4381395348837209 0.5369881109643329 0.8762790697674419 0.26023778071334214
2 0.2144186046511628 0.7427344782034346 0.13023255813953488 0.14927344782034346
2 0.06465116279069767 0.7490092470277411 0.12930232558139534 0.1571994715984148
2 0.6790697674418604 0.7466974900924703 0.4046511627906977 0.16248348745046234
0 0.6474418604651163 0.37681638044914134 0.09581395348837209 0.071334214002642
0 0.9409302325581396 0.5548216644649934 0.10976744186046512 0.07331571994715984
0 0.5181395348837209 0.6918758256274768 0.09023255813953489 0.059445178335535004
0 0.4958139534883721 0.7612285336856011 0.08651162790697674 0.059445178335535004
0 0.03627906976744186 0.6400264200792602 0.07255813953488371 0.071334214002642
0 0.36511627906976746 0.642668428005284 0.09302325581395349 0.06406869220607662
0 0.10046511627906977 0.7450462351387054 0.09395348837209302 0.07199471598414796
1 0.8958139534883721 0.29359313077939236 0.04 0.11096433289299867
1 0.893953488372093 0.45277410832232495 0.04372093023255814 0.08586525759577279
1 0.8958139534883721 0.619550858652576 0.04 0.05085865257595773
1 0.9013953488372093 0.7546235138705416 0.04186046511627907 0.10700132100396301
1 0.8088372093023256 0.8371862615587847 0.052093023255813956 0.018494055482166448