2 0.7244771088524021 0.28355555555555556 0.3259435322734776 0.10488888888888892
2 0.7234096082008514 0.39333333333333337 0.33377187038484935 0.10488888888888892
2 0.7244771088524022 0.5071111111111112 0.32167352966727486 0.11022222222222222
2 0.2231076361740944 0.7040000000000001 0.4134785857006342 0.13155555555555565
2 0.08219755016940318 0.6015555555555556 0.12169507427677873 0.06355555555555559
2 0.2643843280340544 0.6004444444444444 0.18147511076361741 0.06755555555555559
2 0.29036017722178786 0.4342222222222222 0.5422903309877508 0.4062222222222222
2 0.046614195117713496 0.4806666666666667 0.08184171661888628 0.15244444444444438
2 0.26189349318043614 0.5993333333333334 0.17222343845017812 0.06355555555555559
2 0.4010244114325428 0.4411111111111111 0.06760837459821044 0.0768888888888889
0 0.46187194857093217 0.4506666666666667 0.06832004169924415 0.039111111111111097
0 0.3882144036139345 0.5126666666666667 0.0733017114064808 0.04222222222222222
0 0.489982799061767 0.5724444444444444 0.06618504039614281 0.10044444444444456
0 0.379674398401529 0.612 0.059068369385804925 0.033777777777777684
0 0.39711024237685694 0.6204444444444445 0.04412336026409521 0.046222222222222165
0 0.5803645208930588 0.42000000000000004 0.07757171401268345 0.032888888888888856
0 0.5743153505342716 0.3146666666666667 0.06262670489097383 0.03200000000000003
0 0.5803645208930588 0.47244444444444444 0.0747250456085483 0.027555555555555555
0 0.0576450351837373 0.3844444444444445 0.05551003388063591 0.046222222222222276
0 0.1152900703674746 0.6506666666666667 0.05266336547650073 0.03733333333333344
1 0.014233342020675872 0.31244444444444447 0.027043349839284168 0.16088888888888886
1 0.8991913821561984 0.28555555555555556 0.023485014334115095 0.10266666666666668
1 0.8999030492572323 0.394 0.024908348536182765 0.09288888888888891
1 0.8999030492572323 0.5062222222222222 0.022061680132047783 0.10577777777777775
1 0.008540005212405527 0.5982222222222222 0.015656676222743464 0.05511111111111111
1 0.012454174268091393 0.7042222222222223 0.023485014334115196 0.12488888888888883
1 0.09856589349318044 0.4866666666666667 0.022061680132047606 0.1555555555555556