2 0.7243940578577013 0.283447265625 0.32603596559812353 0.10498046875
2 0.7232212666145426 0.393310546875 0.3338545738858483 0.10498046875
2 0.7243940578577013 0.507080078125 0.32134480062548865 0.1103515625
2 0.2232212666145426 0.7041015625 0.41360437842064113 0.13134765625
2 0.08209538702111024 0.6015625 0.12197028928850664 0.0634765625
2 0.2642689601250977 0.600341796875 0.181391712275215 0.0673828125
2 0.2904612978889758 0.434326171875 0.5426114151681001 0.40625
2 0.04652071931196247 0.480712890625 0.08209538702111024 0.15234375
2 0.2619233776387803 0.599365234375 0.17200938232994528 0.0634765625
2 0.40109460516028145 0.441162109375 0.06724003127443315 0.07666015625
0 0.46168881939014855 0.45068359375 0.06802189210320563 0.0390625
0 0.38819390148553556 0.5126953125 0.07349491790461297 0.0419921875
0 0.48983580922595776 0.572509765625 0.06645817044566067 0.1005859375
0 0.3795934323690383 0.612060546875 0.05942142298670837 0.03369140625
0 0.3971853010164191 0.620361328125 0.0437842064112588 0.04638671875
0 0.5805316653635653 0.419921875 0.07740422204847537 0.03271484375
0 0.5742767787333855 0.314697265625 0.06254886630179828 0.0322265625
0 0.5805316653635653 0.472412109375 0.07505863956215794 0.02734375
0 0.05746677091477717 0.384521484375 0.05551211884284597 0.04638671875
0 0.11532447224394057 0.650634765625 0.05238467552775606 0.037109375
1 0.014073494917904612 0.3125 0.027365129007036748 0.1611328125
1 0.8991399530883503 0.28564453125 0.023455824863174355 0.1025390625
1 0.8999218139171228 0.39404296875 0.02501954652071931 0.0927734375
1 0.8999218139171228 0.506103515625 0.0218921032056294 0.10595703125
1 0.008600469116497263 0.59814453125 0.01563721657544957 0.05517578125
1 0.012509773260359656 0.7041015625 0.023455824863174355 0.125
1 0.0985144644253323 0.486572265625 0.0218921032056294 0.15576171875