2 0.1532447224394058 0.35986328125 0.16810007818608289 0.20361328125
2 0.32916340891321344 0.360595703125 0.16810007818608289 0.20849609375
2 0.5113369820172009 0.35986328125 0.17670054730258014 0.20068359375
2 0.826817826426896 0.6728515625 0.21032056293979673 0.25830078125
2 0.6626270523846756 0.760986328125 0.1016419077404222 0.076171875
2 0.6606724003127443 0.647216796875 0.10789679437060204 0.11328125
2 0.39483971853010164 0.630859375 0.6505082095387021 0.3388671875
2 0.4691164972634871 0.783203125 0.2439405785770133 0.05126953125
2 0.6591086786551994 0.648681640625 0.1016419077404222 0.107421875
2 0.40578577013291633 0.561767578125 0.12275215011727912 0.0419921875
0 0.42103205629397966 0.52392578125 0.06254886630179828 0.04248046875
0 0.5203283815480845 0.56982421875 0.06724003127443315 0.0458984375
0 0.616106333072713 0.50634765625 0.16106333072713058 0.04150390625
0 0.6794370602032838 0.5751953125 0.05394839718530102 0.037109375
0 0.6927286942924159 0.564208984375 0.07427677873338545 0.02734375
0 0.3717748240813135 0.44970703125 0.05238467552775606 0.04833984375
0 0.2032838154808444 0.45361328125 0.05160281469898358 0.0390625
0 0.45582486317435494 0.44970703125 0.0437842064112588 0.046875
0 0.31508991399530883 0.7763671875 0.07427677873338545 0.03466796875
0 0.7412040656763096 0.740234375 0.05942142298670837 0.03271484375
1 0.19976544175136826 0.803466796875 0.2580140734949179 0.01708984375
1 0.15676309616888193 0.250732421875 0.1641907740422205 0.0146484375
1 0.33033620015637216 0.250244140625 0.1485535574667709 0.015625
1 0.509773260359656 0.250244140625 0.16966379984362784 0.013671875
1 0.6571540265832682 0.806884765625 0.08835027365129007 0.009765625
1 0.826817826426896 0.804443359375 0.2001563721657545 0.0146484375
1 0.47849882720875686 0.750732421875 0.24941360437842064 0.013671875