2 0.37355540448674374 0.7023692003948667 0.20190346702923181 0.4886475814412636
2 0.6074099252209382 0.9846989141164857 0.24269204622705642 0.03060217176702863
2 0.6043507817811012 0.700888450148075 0.24201223657375934 0.4856860809476802
2 0.5700203942895989 0.3455083909180652 0.32290958531611147 0.1855873642645607
2 0.37185588035350103 0.10908193484698914 0.2080217539089055 0.21816386969397827
2 0.33378653976886474 0.3484698914116486 0.1264445955132563 0.1855873642645607
0 0.5336505778382054 0.9279368213228035 0.07885791978246091 0.1441263573543929
0 0.5346702923181509 0.48716683119447185 0.06458191706322229 0.10562685093780849
0 0.44221617946974845 0.4945705824284304 0.061862678450033994 0.1125370187561698
0 0.429299796057104 0.34797630799605134 0.07409925220938138 0.08588351431391905
0 0.4459551325628824 0.2102665350444225 0.06254248810333107 0.10661401776900296
0 0.7620666213460231 0.3721618953603159 0.07885791978246091 0.10463968410661402
1 0.3776342624065262 0.9545903257650543 0.15159755268524813 0.017769002961500493
1 0.6519374575118967 0.9516288252714709 0.14683888511216858 0.019743336623889437