1 0.2705831903945112 0.7273755656108597 0.04030874785591767 0.1515837104072398
1 0.2692967409948542 0.45531674208144796 0.0411663807890223 0.2002262443438914
1 0.45754716981132076 0.1080316742081448 0.01972555746140652 0.20701357466063347
1 0.3293310463121784 0.22624434389140272 0.0686106346483705 0.020361990950226245
1 0.5038593481989708 0.6176470588235294 0.4365351629502573 0.7647058823529411
1 0.6183533447684391 0.9100678733031674 0.17495711835334476 0.17986425339366516
1 0.5934819897084048 0.1996606334841629 0.2658662092624357 0.3993212669683258
0 0.6282161234991424 0.4490950226244344 0.07804459691252144 0.12895927601809956
0 0.40523156089193824 0.17307692307692307 0.08490566037735849 0.14705882352941177
0 0.66852487135506 0.7737556561085973 0.07804459691252144 0.12217194570135746
0 0.7753001715265866 0.7296380090497737 0.09777015437392796 0.11764705882352941