2 0.08539944903581267 0.5269565217391304 0.17079889807162535 0.7617391304347826
2 0.5404040404040404 0.5217391304347826 0.6556473829201102 0.7469565217391304
2 0.36455463728191 0.2526086956521739 0.31313131313131315 0.20869565217391303
2 0.756198347107438 0.3673913043478261 0.23507805325987144 0.1565217391304348
2 0.7777777777777778 0.5108695652173914 0.1588613406795225 0.12695652173913044
2 0.7474747474747475 0.7330434782608696 0.2359963269054178 0.3191304347826087
1 0.1891643709825528 0.8260869565217391 0.030303030303030304 0.08608695652173913
1 0.19375573921028466 0.7343478260869565 0.04499540863177227 0.08347826086956522
1 0.19513314967860423 0.5047826086956522 0.03856749311294766 0.09391304347826086
1 0.1928374655647383 0.26260869565217393 0.050505050505050504 0.09826086956521739
1 0.7222222222222222 0.9121739130434783 0.09182736455463728 0.03739130434782609
0 0.16161616161616163 0.6186956521739131 0.12213039485766758 0.08
0 0.6019283746556474 0.3908695652173913 0.13039485766758493 0.10260869565217391
0 0.4825528007346189 0.24217391304347827 0.11753902662993572 0.0817391304347826
0 0.8751147842056933 0.21913043478260869 0.2194674012855831 0.1
0 0.6744719926538109 0.68 0.10101010101010101 0.08782608695652173
0 0.7405876951331497 0.40652173913043477 0.09182736455463728 0.09565217391304348