2 0.5718954248366013 0.24552429667519182 0.2522875816993464 0.49104859335038364
2 0.4294117647058823 0.7033248081841432 0.1830065359477124 0.40153452685422
2 0.42777777777777776 0.9565217391304348 0.1758169934640523 0.08695652173913043
2 0.6111111111111112 0.8957800511508951 0.17254901960784313 0.20843989769820973
2 0.5722222222222222 0.639386189258312 0.0934640522875817 0.2813299232736573
2 0.6604575163398693 0.6617647058823529 0.07254901960784314 0.2340153452685422
0 0.48790849673202613 0.9456521739130435 0.052941176470588235 0.10869565217391304
0 0.6503267973856209 0.8049872122762148 0.04183006535947712 0.1010230179028133
0 0.5454248366013071 0.8478260869565217 0.06209150326797386 0.10997442455242967
0 0.4977124183006536 0.729539641943734 0.05816993464052288 0.0959079283887468
0 0.4777777777777778 0.4424552429667519 0.06274509803921569 0.1278772378516624
0 0.33398692810457514 0.7973145780051151 0.12941176470588237 0.1265984654731458