2 0.22951858108108109 0.33242664506047803 0.14569256756756754 0.24384127167853073
2 0.20460304054054054 0.4305804734070259 0.10008445945945948 0.05617609043733241
2 0.20840371621621623 0.5808978143025253 0.10346283783783783 0.23211219785095585
2 0.2981418918918919 0.6630013310955495 0.06503378378378377 0.06790516426490736
2 0.29624155405405406 0.5759592569014411 0.06545608108108114 0.09383259062059929
2 0.3623310810810811 0.3206975712329032 0.10557432432432434 0.2142099272720258
2 0.3397381756756757 0.5639215232362984 0.15498310810810811 0.27223797673476474
2 0.5211148648648649 0.45712521943785334 0.20016891891891891 0.4882998630321971
2 0.7039695945945946 0.32594478847155506 0.14864864864864868 0.21606188629743234
2 0.6670185810810811 0.5031155352354496 0.0713682432432432 0.10864826282385172
2 0.7383868243243243 0.500028936859772 0.06967905405405395 0.11729073827574903
2 0.7029138513513514 0.6383085440901287 0.14907094594594583 0.14692208268225404
2 0.5228040540540541 0.5969481258560488 0.1959459459459459 0.22964291915041385
2 0.33424831081081086 0.7608464996045297 0.13809121621621623 0.06852248394004283
1 0.23289695945945948 0.20186353376931537 0.05954391891891894 0.02222350830487873
1 0.36359797297297297 0.20124621409417984 0.04729729729729726 0.014815672203252514
1 0.512668918918919 0.206184771495264 0.12077702702702697 0.023458147655149822
1 0.5973395270270271 0.20371549279472193 0.032516891891891886 0.01975422960433663
1 0.7130489864864865 0.20525879198256075 0.06630067567567566 0.019136909929201168
1 0.7060810810810811 0.720412060883153 0.042229729729729826 0.02592742635569192
1 0.5977618243243243 0.721646700233424 0.03758445945945943 0.023458147655149822
1 0.4738175675675676 0.7163994829947721 0.07347972972972971 0.027779385381098472
1 0.21199324324324326 0.7157821633196366 0.048141891891891886 0.020371549279472257
0 0.20671452702702703 0.37100912475644815 0.03505067567567566 0.04815093466057061
0 0.30532094594594594 0.40280108802592746 0.08361486486486491 0.06111464783841661
0 0.3211570945945946 0.5163879082508633 0.06292229729729726 0.09568454964600567
0 0.3032094594594595 0.738314331462083 0.038851351351351315 0.06173196751355216
0 0.3659206081081081 0.7429442290255995 0.04265202702702697 0.08333815614329526
0 0.2404983108108108 0.49262110075814575 0.0443412162162162 0.061731967513552075
0 0.6431587837837838 0.3895287150105138 0.04307432432432434 0.059262688813010056
0 0.7352195945945946 0.5929355479676679 0.042229729729729826 0.06605320523950081
0 0.6435810810810811 0.640469162953103 0.05236486486486491 0.057410729787603504
0 0.8008868243243243 0.6413951424658063 0.04349662162162171 0.05432413141192586
0 0.7214949324324325 0.5133013098751857 0.046875 0.05864536913787443