2 0.61474609375 0.1052819414703783 0.1669921875 0.2105638829407566
2 0.547607421875 0.07066381156316917 0.03857421875 0.14132762312633834
2 0.444580078125 0.07458957887223412 0.15869140625 0.14917915774446824
2 0.388427734375 0.20485367594575304 0.04638671875 0.09493219129193434
2 0.447998046875 0.20199857244825126 0.06396484375 0.09564596716630978
2 0.62255859375 0.2987152034261242 0.146484375 0.15417558886509636
2 0.456298828125 0.2658815132048537 0.18603515625 0.22626695217701642
2 0.529296875 0.5306923625981442 0.333984375 0.2926481084939329
2 0.619140625 0.7980014275517487 0.14794921875 0.21698786581013563
2 0.497802734375 0.7441113490364025 0.07421875 0.10421127765881513
2 0.5 0.8483226266952177 0.080078125 0.10206995003568879
2 0.4052734375 0.7965738758029979 0.1005859375 0.21770164168451106
2 0.43359375 0.5331905781584583 0.1572265625 0.2862241256245539
2 0.321533203125 0.25767309064953603 0.046875 0.20199857244825126
1 0.703857421875 0.10956459671663098 0.01513671875 0.08708065667380442
1 0.704345703125 0.3004996431120628 0.01025390625 0.06923625981441828
1 0.700927734375 0.5185581727337616 0.01611328125 0.1763026409707352
1 0.70263671875 0.6423982869379015 0.013671875 0.04782298358315489
1 0.70166015625 0.8115631691648822 0.01318359375 0.09707351891506068
1 0.34912109375 0.8012134189864383 0.017578125 0.06138472519628837
1 0.348388671875 0.6427551748750893 0.01611328125 0.054960742326909354
1 0.35205078125 0.46181299072091364 0.01904296875 0.10706638115631692
1 0.352294921875 0.07887223411848679 0.01416015625 0.07066381156316917
0 0.588134765625 0.07137758743754462 0.03271484375 0.05139186295503212
0 0.56640625 0.21556031406138473 0.0419921875 0.12205567451820129
0 0.48876953125 0.238401142041399 0.0654296875 0.09207708779443255
0 0.3369140625 0.21234832262669523 0.0419921875 0.05710206995003569
0 0.333740234375 0.30406852248394006 0.05712890625 0.06209850107066381
0 0.505126953125 0.1206281227694504 0.0419921875 0.0649536045681656
0 0.57568359375 0.7091363311920057 0.04052734375 0.06281227694503926
0 0.4365234375 0.8436830835117773 0.04541015625 0.06138472519628837
0 0.40380859375 0.7098501070663812 0.0390625 0.07637401855817273
0 0.4033203125 0.9396859386152748 0.037109375 0.0635260528194147
0 0.490966796875 0.8236973590292648 0.0400390625 0.06852248394004283