2 0.2294921875 0.33226266952177014 0.1455078125 0.24411134903640258
2 0.20458984375 0.430406852248394 0.10009765625 0.05638829407566024
2 0.20849609375 0.5810135617416131 0.103515625 0.23197715917202
2 0.298095703125 0.6630977872947894 0.06494140625 0.06780870806566738
2 0.296142578125 0.576017130620985 0.0654296875 0.09350463954318344
2 0.3623046875 0.32084225553176304 0.10546875 0.21413276231263384
2 0.33984375 0.5638829407566024 0.15478515625 0.27194860813704497
2 0.52099609375 0.45717344753747324 0.2001953125 0.48822269807280516
2 0.703857421875 0.32583868665239113 0.1484375 0.21627408993576017
2 0.6669921875 0.5032119914346895 0.0712890625 0.10849393290506781
2 0.73828125 0.5 0.06982421875 0.11705924339757316
2 0.702880859375 0.6384725196288366 0.14892578125 0.1470378301213419
2 0.522705078125 0.5970735189150607 0.19580078125 0.22983583154889364
2 0.334228515625 0.7608850820842256 0.13818359375 0.06852248394004283
1 0.23291015625 0.20199857244825126 0.0595703125 0.02212705210563883
1 0.363525390625 0.2012847965738758 0.04736328125 0.014989293361884369
1 0.5126953125 0.20628122769450394 0.12060546875 0.023554603854389723
1 0.597412109375 0.20378301213418987 0.03271484375 0.01998572448251249
1 0.713134765625 0.20521056388294076 0.06640625 0.019271948608137045
1 0.7060546875 0.7205567451820128 0.0419921875 0.02569593147751606
1 0.59765625 0.721627408993576 0.03759765625 0.023554603854389723
1 0.473876953125 0.7162740899357601 0.0732421875 0.027837259100642397
1 0.2119140625 0.7159172019985724 0.04833984375 0.02069950035688794
0 0.206787109375 0.371163454675232 0.03515625 0.04782298358315489
0 0.305419921875 0.40292648108493934 0.08349609375 0.06138472519628837
0 0.321044921875 0.5164168451106352 0.06298828125 0.09564596716630978
0 0.30322265625 0.738401142041399 0.0390625 0.06138472519628837
0 0.365966796875 0.7430406852248393 0.04248046875 0.0835117773019272
0 0.240478515625 0.4925053533190578 0.04443359375 0.06138472519628837
0 0.64306640625 0.38936473947180583 0.04296875 0.05924339757316203
0 0.735107421875 0.592790863668808 0.0419921875 0.06638115631691649
0 0.6435546875 0.6406138472519629 0.05224609375 0.05710206995003569
0 0.80078125 0.6413276231263383 0.04345703125 0.05424696645253391
0 0.721435546875 0.5132048536759457 0.046875 0.05852962169878658