2 0.24410580793559516 0.8089025326170376 0.05807935595169638 0.15963161933998465
2 0.32604945370902816 0.9811972371450499 0.0885566417481311 0.03760552570990023
2 0.4226566992524439 0.9796623177283192 0.09200690051753882 0.04067536454336147
2 0.4775733179988499 0.7421335379892555 0.3881541115583669 0.42210283960092093
2 0.7337550316273721 0.6857252494244053 0.10235767682576193 0.30775134305448965
2 0.726279470960322 0.922102839600921 0.08740655549166187 0.14044512663085187
2 0.7032777458309373 0.9716039907904835 0.15756181713628523 0.056792018419033
2 0.5508913168487637 0.976592478894858 0.14836112708453134 0.04681504221028396
2 0.4111558366877516 0.35495011511895624 0.2553191489361702 0.22179585571757482
2 0.41345600920069003 0.11511895625479662 0.26912018401380106 0.23023791250959325
2 0.6118458884416331 0.11550268610897928 0.13225991949396204 0.23100537221795855
2 0.7343300747556066 0.11665387567152724 0.0851063829787234 0.23330775134305448
2 0.6604370327774584 0.35149654643131234 0.23289246693502014 0.2256331542594014
2 0.5805060379528465 0.3952417498081351 0.07648073605520414 0.14121258633921718
0 0.25991949396204717 0.806216423637759 0.058654399079930995 0.07290867229470453
0 0.3930419781483611 0.9869531849577897 0.039677975848188614 0.026093630084420567
0 0.4905117883841288 0.9788948580199539 0.044853364002300174 0.0422102839600921
0 0.5997699827487062 0.9343821949347659 0.03680276020701553 0.06830391404451266
0 0.6175963197239793 0.7900997697620875 0.06325474410580793 0.0713737528779739
0 0.7047153536515238 0.7924021488871834 0.06497987349051179 0.08211818879508825
0 0.6684876365727429 0.9102072141212586 0.06267970097757332 0.06600153491941672
0 0.6006325474410581 0.34574059861857254 0.04772857964347326 0.08058326937835764
0 0.5250143760782059 0.2782041442824252 0.06325474410580793 0.07904834996162702
0 0.6561242093156987 0.21488871834228704 0.047153536515238646 0.07981580966999233
0 0.715928694652099 0.21220260936300844 0.047153536515238646 0.07444359171143515
1 0.7826336975273146 0.2893323100537222 0.012650948821161587 0.047582501918649274
1 0.2814836112708453 0.3231005372217959 0.013225991949396205 0.12586339217191098
1 0.28090856814261067 0.6485034535686877 0.012075905692926969 0.15656178050652342
1 0.4873490511788384 0.5341519570222564 0.11328349626221966 0.021488871834228703
1 0.6874640598044853 0.03568687643898695 0.017826336975273145 0.0713737528779739
1 0.7797584818861415 0.8960092095165004 0.018401380103507763 0.039140445126630855
1 0.2806210465784934 0.9930928626247122 0.006900517538815411 0.013814274750575594