2 0.27155599603567887 0.083984375 0.4296333002973241 0.13623046875
2 0.11496531219028741 0.320068359375 0.12041625371655104 0.28955078125
2 0.2512388503468781 0.318603515625 0.15213082259663033 0.29248046875
2 0.15213082259663033 0.50732421875 0.199207135777998 0.0712890625
2 0.10505450941526263 0.59228515625 0.09217046580773043 0.07958984375
2 0.29286422200198214 0.50732421875 0.06689791873141725 0.08203125
2 0.40138751238850345 0.476318359375 0.14816650148662042 0.13916015625
2 0.40262636273538155 0.286865234375 0.14370664023785926 0.23095703125
2 0.7460356788899901 0.093994140625 0.423191278493558 0.11572265625
2 0.7495044598612488 0.271240234375 0.423191278493558 0.19482421875
2 0.6437066402378593 0.460693359375 0.21605550049554015 0.1689453125
2 0.5656590683845392 0.506103515625 0.0688800792864222 0.078125
2 0.5882061446977205 0.59716796875 0.10753221010901882 0.0869140625
2 0.8097125867195243 0.604736328125 0.2918731417244797 0.0810546875
2 0.8580277502477701 0.460205078125 0.20168483647175423 0.173828125
1 0.12462834489593658 0.164306640625 0.08721506442021804 0.0185546875
1 0.25842418235877107 0.164306640625 0.1337958374628345 0.02490234375
1 0.3937066402378593 0.164794921875 0.14321110009910804 0.017578125
1 0.6147175421209118 0.169677734375 0.10555004955401387 0.01806640625
1 0.7782457879088206 0.171142578125 0.12586719524281467 0.01318359375
1 0.8956888007928642 0.169677734375 0.12438057482656095 0.01611328125
1 0.8255698711595639 0.5556640625 0.10654112983151635 0.02392578125
1 0.6912784935579782 0.5546875 0.07284440039643211 0.01904296875
0 0.19177403369672943 0.348876953125 0.048562933597621406 0.0439453125
0 0.21357779980178396 0.148681640625 0.04162537165510406 0.05615234375
0 0.3533201189296333 0.15185546875 0.04905847373637265 0.05810546875
0 0.69400396432111 0.15576171875 0.053518334985133795 0.06591796875
0 0.30822596630327054 0.348876953125 0.04905847373637265 0.046875
0 0.34762140733399405 0.447509765625 0.05550049554013875 0.04541015625
0 0.29013875123885036 0.451416015625 0.048562933597621406 0.0439453125
0 0.20887016848364717 0.48876953125 0.046085232903865216 0.05419921875
0 0.13230921704658077 0.52978515625 0.048562933597621406 0.04541015625
0 0.6199207135777998 0.48486328125 0.03964321110009911 0.0400390625
0 0.6848364717542121 0.569091796875 0.046085232903865216 0.04443359375
0 0.6595639246778989 0.5947265625 0.05252725470763132 0.03662109375
0 0.925173439048563 0.420166015625 0.04707631318136769 0.0419921875