2 0.27155150134054284 0.08390022675736962 0.42987983432553734 0.1360544217687075
2 0.11506419548328087 0.3201814058956916 0.12058727686647834 0.2893424036281179
2 0.2513002029354854 0.31859410430839 0.1518847380379307 0.2925170068027211
2 0.15211486642889732 0.5072562358276644 0.1992911865770425 0.07120181405895698
2 0.10493854628075215 0.5922902494331066 0.09205135638662468 0.07981859410430836
2 0.2929534417004331 0.5072562358276644 0.06673723338030293 0.08208616780045347
2 0.40134391384568363 0.47641723356009075 0.1482026837824658 0.1392290249433107
2 0.40272468419148305 0.2868480725623583 0.14360011596313457 0.2308390022675737
2 0.7460762435135931 0.09410430839002268 0.4234362393784735 0.11564625850340138
2 0.7495281693780916 0.27120181405895694 0.42297598259654035 0.19501133786848077
2 0.6436691095334731 0.46077097505668935 0.21586043072663502 0.16870748299319727
2 0.5656555849958087 0.5061224489795919 0.06903851728996858 0.0780045351473923
2 0.5882081673105318 0.5972789115646259 0.10770008697235083 0.0870748299319728
2 0.8095916794203641 0.6047619047619048 0.29180279974560025 0.08117913832199553
2 0.8579186415233422 0.4600907029478458 0.20159247048670814 0.17369614512471654
1 0.12472958790387645 0.16439909297052155 0.08744878856729346 0.018594104308390036
1 0.25843418305544885 0.16439909297052155 0.1339347235425389 0.024943310657596363
1 0.3937496769437871 0.16485260770975058 0.14313985918120142 0.01768707482993198
1 0.6146729322716864 0.16961451247165535 0.10539880306268527 0.01814058956916098
1 0.7782942182489118 0.17120181405895693 0.12611035824967584 0.013151927437641708
1 0.8956596976418583 0.16961451247165535 0.12426933112194324 0.016326530612244927
1 0.8254705383970569 0.5557823129251701 0.10631931662655159 0.024036281179138363
1 0.6913056864635514 0.5546485260770976 0.0727205715454336 0.01904761904761898
0 0.19169694967514594 0.3489795918367347 0.04832696210297796 0.043990929705215454
0 0.21355914681696928 0.14875283446712018 0.041423110373981095 0.05623582766439911
0 0.35324708013367223 0.15192743764172337 0.04924747566684421 0.0580498866213152
0 0.6940672271551501 0.15578231292517009 0.053389786704242256 0.06575963718820864
0 0.30814191550422615 0.3489795918367347 0.04924747566684421 0.04671201814058956
0 0.34772399875047477 0.44761904761904764 0.05569107061390791 0.04535147392290251
0 0.2901919010088343 0.45147392290249433 0.048326962102978016 0.043990929705215454
0 0.20895657899763806 0.4886621315192744 0.04602567819331236 0.053968253968254
0 0.13232382480577298 0.5297052154195011 0.04832696210297796 0.0453514739229024
0 0.6199658852639173 0.48480725623582777 0.03958208324624854 0.039909297052154236
0 0.6848620915164877 0.5691609977324263 0.04602567819331224 0.04444444444444451
0 0.659547968510166 0.5947845804988663 0.05246927314037617 0.03673469387755102
0 0.9251161316855782 0.42018140589569164 0.046946191757178554 0.042176870748299344