2 0.43902439024390244 0.8130081300813008 0.2865853658536585 0.32723577235772355
2 0.22522865853658536 0.21544715447154472 0.12576219512195122 0.39227642276422764
2 0.5003810975609756 0.21595528455284552 0.4138719512195122 0.39735772357723576
2 0.645579268292683 0.5828252032520326 0.12652439024390244 0.3384146341463415
2 0.526295731707317 0.5269308943089431 0.10746951219512195 0.20020325203252032
2 0.3795731707317073 0.5279471544715447 0.16463414634146342 0.20020325203252032
2 0.6440548780487805 0.8714430894308943 0.12652439024390244 0.2306910569105691
1 0.2930640243902439 0.8099593495934959 0.012957317073170731 0.18495934959349594
1 0.2915396341463415 0.5142276422764228 0.022103658536585365 0.09349593495934959
1 0.29115853658536583 0.1722560975609756 0.007621951219512195 0.2184959349593496
0 0.3868140243902439 0.3775406504065041 0.07393292682926829 0.133130081300813
0 0.2625762195121951 0.3231707317073171 0.07545731707317073 0.09552845528455285
0 0.5564024390243902 0.695630081300813 0.07926829268292683 0.10873983739837398
0 0.6547256097560976 0.7225609756097561 0.05030487804878049 0.08536585365853659
0 0.6105182926829268 0.5045731707317073 0.05945121951219512 0.07215447154471545
0 0.7141768292682927 0.47764227642276424 0.14634146341463414 0.11585365853658537