1 0.2856140350877193 0.9955716586151369 0.11228070175438597 0.008856682769726247
1 0.40912280701754383 0.9959742351046699 0.04350877192982456 0.008051529790660225
1 0.755438596491228 0.9891304347826086 0.1368421052631579 0.021739130434782608
1 0.2733333333333333 0.16264090177133655 0.14035087719298245 0.03784219001610306
0 0.37684210526315787 0.12962962962962962 0.08350877192982456 0.11996779388083736
0 0.3182456140350877 0.7455716586151369 0.07157894736842105 0.07648953301127215
0 0.5466666666666666 0.6763285024154589 0.05543859649122807 0.07648953301127215
0 0.6470175438596492 0.5901771336553945 0.08771929824561403 0.0893719806763285
0 0.6536842105263158 0.7576489533011272 0.07017543859649122 0.10225442834138486
2 0.2831578947368421 0.8397745571658615 0.16 0.2971014492753623
2 0.4185964912280702 0.7705314009661836 0.10666666666666667 0.1280193236714976
2 0.4231578947368421 0.9061996779388084 0.11859649122807017 0.12721417069243157
2 0.5326315789473685 0.8470209339774557 0.15228070175438596 0.2648953301127214
2 0.7505263157894737 0.8313204508856683 0.27087719298245616 0.31561996779388085
2 0.4147368421052632 0.4367954911433172 0.5129824561403509 0.5297906602254429
2 0.2912280701754386 0.07286634460547504 0.28210526315789475 0.1457326892109501