2 0.6499647141848977 0.10606060606060606 0.255469301340861 0.21212121212121213
2 0.3895553987297107 0.10044893378226712 0.2512350035285815 0.20089786756453423
2 0.5229357798165137 0.6105499438832772 0.5165843330980946 0.7789001122334456
2 0.39202540578687367 0.8439955106621774 0.24770642201834864 0.31200897867564537
1 0.7836979534227241 0.3939393939393939 0.013408609738884969 0.18181818181818182
0 0.5532815808045166 0.16722783389450055 0.06069160197600565 0.12121212121212122
0 0.43295695130557516 0.1722783389450056 0.068454481298518 0.11784511784511785
0 0.5472829922371206 0.8170594837261503 0.08256880733944955 0.1122334455667789
0 0.3352152434721242 0.4281705948372615 0.062103034580098804 0.1111111111111111
0 0.44318983768525055 0.6492704826038159 0.0776287932251235 0.11560044893378227
0 0.2268877911079746 0.27497194163860833 0.08256880733944955 0.1414141414141414