0 0.6573221757322176 0.06663113006396588 0.2100418410041841 0.13326226012793177
0 0.6577405857740586 0.5847547974413646 0.20334728033472804 0.4669509594882729
0 0.3907949790794979 0.4077825159914712 0.302928870292887 0.8155650319829424
0 0.39246861924686194 0.9189765458422174 0.3112970711297071 0.16204690831556504
1 0.6610878661087866 0.8288912579957356 0.1196652719665272 0.0255863539445629
1 0.4297071129707113 0.8272921108742004 0.18744769874476988 0.026652452025586353
0 0.26485355648535563 0.03411513859275053 0.09456066945606695 0.06823027718550106
0 0.5184100418410041 0.02185501066098081 0.07782426778242678 0.04371002132196162
0 0.5728033472803348 0.40085287846481876 0.09037656903765691 0.10767590618336886
0 0.2874476987447699 0.7857142857142857 0.08702928870292886 0.1460554371002132
2 0.6502092050209205 0.2457356076759062 0.22510460251046024 0.18336886993603413