0 0.3418410041841004 0.9328358208955224 0.2100418410041841 0.13432835820895522
0 0.3422594142259414 0.4152452025586354 0.20334728033472804 0.4669509594882729
0 0.6083682008368201 0.591684434968017 0.302928870292887 0.8166311300639659
0 0.606694560669456 0.08049040511727079 0.3112970711297071 0.16098081023454158
1 0.3389121338912134 0.1711087420042644 0.1196652719665272 0.0255863539445629
1 0.5702928870292887 0.17270788912579957 0.18744769874476988 0.026652452025586353
0 0.7343096234309623 0.9653518123667377 0.09456066945606695 0.06929637526652452
0 0.48075313807531384 0.9776119402985075 0.07782426778242678 0.04477611940298507
0 0.4271966527196653 0.5991471215351812 0.09037656903765691 0.10767590618336886
0 0.7125523012552302 0.21428571428571427 0.08702928870292886 0.1460554371002132
2 0.3497907949790795 0.7542643923240938 0.22510460251046024 0.18336886993603413