2 0.6178086671893964 0.09967085462532498 0.08883889657475096 0.05995239375959396
2 0.4320036563721727 0.21395510522955097 0.09220188319587728 0.14988098439898492
2 0.5229444195851276 0.21395510522955097 0.07846968782627847 0.14988098439898492
2 0.6199105338276003 0.2141424564600497 0.10257109194434988 0.154002711469957
2 0.703845074913209 0.1809812886617743 0.07370545677968302 0.08768037587340617
2 0.7066475637641475 0.26004350793223885 0.05689052367405196 0.06220060852557875
2 0.5983313696753738 0.395123745121824 0.26903892969009774 0.20571165108760683
2 0.42051345208332475 0.3222441164578176 0.0720239634691199 0.05770417899360918
2 0.4300419141765157 0.4282849129200994 0.08155242556231095 0.14538455486701532
2 0.28431249392771274 0.5455667832123051 0.11069830961207153 0.06969465774552805
2 0.2810896317491335 0.7076255975937077 0.11041806072697767 0.24617951687533277
0 0.28543348946808816 0.8608789041416697 0.07931043448156005 0.0663223355965509
0 0.34596724864836015 0.5646766087231757 0.03503111063673148 0.035222031333761485
0 0.46647426923871643 0.3709554363874877 0.029426132934854455 0.044214890397700546
0 0.41126523887522765 0.36402344085903465 0.029426132934854455 0.03184970918478434
0 0.4717989980554997 0.2772798211381221 0.01765567976091272 0.0322244116457818
0 0.5513896814221535 0.27634306498562844 0.024942150773352732 0.03859435348273863
0 0.6399483291118108 0.12739883673913718 0.027184141854103536 0.032224411645781756
0 0.67918317302495 0.19390852356618674 0.027184141854103536 0.023606255042840116
0 0.7243032435250603 0.21358040276855353 0.02157916415222652 0.03297381656777672
0 0.49085592224188157 0.4887993603711896 0.025502648543540545 0.028852089496804647
1 0.42737954976812415 0.5032254051195919 0.050444799316893385 0.017236313205883206
1 0.3396616487337485 0.6615371948910197 0.00952846209319093 0.0790622192704645
1 0.5689052367405193 0.5015392440451033 0.040916337223702456 0.013863991056906057
1 0.6634892354596944 0.5009771903536071 0.04904355489142413 0.01498809843989844
1 0.433264776355095 0.1407007741045471 0.04988430154670569 0.018360420588875662
1 0.5302308905975678 0.13863991056906105 0.044839821615016366 0.015737503361893435