2 0.617733268197362 0.09960809928151534 0.08891060087933561 0.06009144350097975
2 0.43209574987787003 0.2139124755062051 0.09233023937469467 0.1495754408883083
2 0.5229604298974109 0.2139124755062051 0.07865168539325842 0.1495754408883083
2 0.6199316072300928 0.21423905943827565 0.10258915486077186 0.1541476159372959
2 0.7039570102589154 0.18092749836708033 0.07376648754274548 0.08752449379490529
2 0.7066438690766976 0.2599608099281515 0.05666829506595017 0.062050947093403
2 0.5984367366878358 0.395166557805356 0.26917440156326333 0.20574787720444154
2 0.42061553492916465 0.32233834095362507 0.0718124084025403 0.05747877204441541
2 0.43014167073766485 0.4281515349444807 0.08158280410356619 0.1456564337034618
2 0.28431851489985344 0.5457217504898759 0.11089399120664387 0.06988896146309602
2 0.28114313629702004 0.7077073807968648 0.11040547142159257 0.24624428478118876
0 0.28553981436248166 0.8608752449379491 0.07914020517830972 0.06662312214239059
0 0.34587200781631655 0.5646636185499674 0.03517342452369321 0.03527106466361855
0 0.46653639472398634 0.37099934683213587 0.029311187103077674 0.04441541476159373
0 0.41133365901319 0.3641410842586545 0.029311187103077674 0.03200522534291313
0 0.47191011235955055 0.27726975832789025 0.017586712261846604 0.03200522534291313
0 0.5512945774303859 0.2762900065316786 0.024914509037616023 0.038536903984323974
0 0.6399609184171959 0.12736773350751143 0.027357107962872496 0.03200522534291313
0 0.6792867611138251 0.19399085564990204 0.027357107962872496 0.023514043109079032
0 0.7242305813385442 0.21358589157413455 0.02149487054225696 0.032658393207054215
0 0.49096238397655106 0.48889614630960154 0.025403028822667317 0.028739386022207707
1 0.42745481191988277 0.5032658393207055 0.05031753786028334 0.016982364467668192
1 0.3397655105031754 0.6616590463749183 0.009770395701025891 0.0790333115610712
1 0.5688812896922325 0.5016329196603527 0.04103566194430874 0.013716525146962769
1 0.6634098680996581 0.5009797517962117 0.048851978505129456 0.015022860875244938
1 0.4333170493404983 0.14075767472240366 0.049829018075232046 0.018288700195950358
1 0.5302882266731803 0.1387981711299804 0.0449438202247191 0.015676028739386023