2 0.20053737176355643 0.3425865447419987 0.0449438202247191 0.11887655127367734
2 0.286028334147533 0.5907903331156107 0.11187103077674646 0.12344872632266493
2 0.286028334147533 0.46930111038536904 0.11187103077674646 0.10516002612671456
2 0.2862725940400586 0.3396472893533638 0.11529066927210552 0.13716525146962769
2 0.2613580850024426 0.22730241672109733 0.06546165119687347 0.09862834748530372
2 0.32046897899364923 0.22370999346832135 0.046409379579872984 0.07576747224036577
2 0.42159257449926724 0.3683866753755715 0.1538837322911578 0.3598954931417374
2 0.3671226184660479 0.6061397779229262 0.04298974108451392 0.09601567602873938
2 0.4462628236443576 0.5934030045721751 0.10893991206643869 0.10907903331156107
2 0.5341963849535907 0.7883736120182887 0.05227161700048852 0.14826910516002612
2 0.6553492916463117 0.7926192031352057 0.18417195896433805 0.14761593729588504
0 0.7699071812408402 0.786740692357936 0.049829018075232046 0.10581319399085565
0 0.5483634587200782 0.7060744611365121 0.026380068392769906 0.047028086218158065
0 0.4035173424523693 0.5447419986936642 0.03321934538348803 0.039190071848465055
0 0.39838788470933073 0.6185499673416068 0.023937469467513434 0.039190071848465055
0 0.3334147532975085 0.5375571521881124 0.023937469467513434 0.023514043109079032
0 0.3326819736199316 0.43141737426518617 0.02882266731802638 0.033311561071195296
0 0.22129946262823644 0.31286740692357934 0.023937469467513434 0.036577400391900716
0 0.2711284807034685 0.2602873938602221 0.017586712261846604 0.036577400391900716
0 0.28578407425500735 0.20019595035924231 0.024425989252564728 0.028739386022207707
0 0.49169516365412796 0.51208360548661 0.02149487054225696 0.033964728935336384
1 0.5024425989252564 0.596995427824951 0.012701514411333659 0.06727629000653168
1 0.6209086468001954 0.7142390594382756 0.05911089399120664 0.013063357282821686
1 0.5012212994626283 0.4079033311561071 0.010258915486077186 0.054866100587851074
1 0.5007327796775769 0.28151534944480733 0.011235955056179775 0.06531678641410843
1 0.231314118221788 0.589157413455258 0.013678553981436248 0.06662312214239059
1 0.2298485588666341 0.4595035924232528 0.01172447484123107 0.06009144350097975