2 0.58642578125 0.8848140495867769 0.08056640625 0.20041322314049587
2 0.5869140625 0.6875 0.07763671875 0.18078512396694216
2 0.42333984375 0.9214876033057852 0.05908203125 0.10950413223140495
2 0.4150390625 0.8130165289256198 0.05029296875 0.09710743801652892
2 0.44189453125 0.6678719008264463 0.10498046875 0.15495867768595042
2 0.467041015625 0.8068181818181818 0.04931640625 0.10330578512396695
2 0.50048828125 0.7846074380165289 0.09228515625 0.3915289256198347
2 0.351806640625 0.7877066115702479 0.064453125 0.4059917355371901
2 0.4267578125 0.2732438016528926 0.22119140625 0.44731404958677684
2 0.421142578125 0.01756198347107438 0.06201171875 0.03512396694214876
2 0.474365234375 0.011363636363636364 0.04541015625 0.022727272727272728
1 0.312744140625 0.7840909090909091 0.00537109375 0.3305785123966942
1 0.631103515625 0.6782024793388429 0.01416015625 0.09917355371900827
1 0.632080078125 0.8961776859504132 0.0107421875 0.08367768595041322
1 0.520751953125 0.5759297520661157 0.0439453125 0.01962809917355372
1 0.38623046875 0.013429752066115703 0.009765625 0.026859504132231406
0 0.3740234375 0.9003099173553719 0.0224609375 0.049586776859504134
0 0.37451171875 0.7262396694214877 0.02392578125 0.05371900826446281
0 0.440185546875 0.8946280991735537 0.021484375 0.05785123966942149
0 0.485107421875 0.7252066115702479 0.025390625 0.05165289256198347
0 0.557861328125 0.6394628099173554 0.0302734375 0.05165289256198347
0 0.56103515625 0.9152892561983471 0.025390625 0.06508264462809918
0 0.509033203125 0.06043388429752066 0.02197265625 0.0640495867768595