2 0.099609375 0.18491735537190082 0.095703125 0.13636363636363635
2 0.099609375 0.4168388429752066 0.091796875 0.3274793388429752
2 0.20849609375 0.3507231404958678 0.107421875 0.496900826446281
2 0.158203125 0.6224173553719008 0.21044921875 0.05785123966942149
2 0.318115234375 0.6828512396694215 0.0947265625 0.17045454545454544
2 0.411376953125 0.6838842975206612 0.08544921875 0.16425619834710745
2 0.30078125 0.3378099173553719 0.0517578125 0.125
2 0.35205078125 0.3202479338842975 0.0458984375 0.10640495867768596
2 0.420654296875 0.37706611570247933 0.0732421875 0.22210743801652894
2 0.35498046875 0.4302685950413223 0.048828125 0.10433884297520661
2 0.365478515625 0.5010330578512396 0.18505859375 0.1952479338842975
2 0.364013671875 0.18646694214876033 0.19189453125 0.13636363636363635
2 0.607177734375 0.3450413223140496 0.21142578125 0.46797520661157027
2 0.814697265625 0.18078512396694216 0.197265625 0.14049586776859505
2 0.81689453125 0.5216942148760331 0.1904296875 0.49793388429752067
2 0.74072265625 0.3331611570247934 0.04248046875 0.13119834710743802
2 0.787353515625 0.3362603305785124 0.04052734375 0.125
2 0.74609375 0.44576446280991733 0.041015625 0.09607438016528926
2 0.78662109375 0.4452479338842975 0.03466796875 0.09194214876033058
1 0.36572265625 0.10382231404958678 0.15625 0.011363636363636364
1 0.415771484375 0.7773760330578512 0.046875 0.029958677685950414
1 0.312744140625 0.7794421487603306 0.03955078125 0.022727272727272728
1 0.464111328125 0.543904958677686 0.00927734375 0.09297520661157024
1 0.81884765625 0.11002066115702479 0.16357421875 0.01859504132231405
1 0.745361328125 0.259297520661157 0.04345703125 0.02066115702479339
1 0.79296875 0.27117768595041325 0.03955078125 0.027892561983471075
1 0.861328125 0.26136363636363635 0.083984375 0.022727272727272728
1 0.765380859375 0.7737603305785123 0.05029296875 0.01652892561983471
1 0.86669921875 0.7835743801652892 0.03662109375 0.01652892561983471
1 0.915283203125 0.6926652892561983 0.00830078125 0.09297520661157024
1 0.91748046875 0.5480371900826446 0.00927734375 0.09917355371900827
0 0.16796875 0.19679752066115702 0.03564453125 0.0640495867768595
0 0.310791015625 0.2334710743801653 0.0234375 0.047520661157024795
0 0.39306640625 0.23450413223140495 0.025390625 0.0506198347107438
0 0.3134765625 0.3734504132231405 0.02734375 0.045454545454545456
0 0.3935546875 0.4684917355371901 0.0244140625 0.05371900826446281
0 0.43408203125 0.6224173553719008 0.0244140625 0.0640495867768595
0 0.3037109375 0.6291322314049587 0.03076171875 0.05371900826446281
0 0.707763671875 0.5191115702479339 0.0302734375 0.04648760330578512
0 0.757568359375 0.29390495867768596 0.02197265625 0.045454545454545456
0 0.753662109375 0.37241735537190085 0.02685546875 0.04855371900826446
0 0.754150390625 0.4256198347107438 0.02734375 0.05165289256198347