2 0.09953051643192488 0.18475148411127923 0.09577464788732395 0.13608039421099602
2 0.09953051643192488 0.4166841267993637 0.09201877934272298 0.3277848911651728
2 0.20856807511737085 0.3506305047918364 0.1072769953051643 0.4966437744926861
2 0.15809859154929576 0.622542971326582 0.21056338028169014 0.0581073216156442
2 0.3181924882629108 0.6826368680401971 0.09460093896713617 0.17034881465099144
2 0.41138497652582157 0.6841267993636752 0.0852112676056338 0.16438908935707922
2 0.30070422535211266 0.3379660885422729 0.05164319248826288 0.12465758739766421
2 0.35199530516431926 0.32033523454778257 0.045774647887323994 0.10628176774143488
2 0.42077464788732394 0.37695262483994874 0.07300469483568073 0.2224964109727234
2 0.3550469483568075 0.43034183059791253 0.049061032863849774 0.10479183641795671
2 0.3653755868544601 0.5011135684631203 0.18521126760563378 0.1956776471501184
2 0.36408450704225354 0.18624141543475728 0.19201877934272293 0.13608039421099602
2 0.6072769953051643 0.3449191013851705 0.21126760563380276 0.46833507934660296
2 0.8147887323943662 0.1810266558025841 0.19718309859154926 0.1405501881814302
2 0.8167840375586854 0.5217242851045668 0.1903755868544601 0.49813370581616423
2 0.7406103286384976 0.332999650797346 0.04225352112676051 0.13161060024056184
2 0.7873239436619718 0.33647615721879487 0.04037558685446019 0.12465758739766421
2 0.7460093896713614 0.4459861094944322 0.04084507042253516 0.09634889225158114
2 0.7866197183098591 0.44499282194544676 0.03474178403755879 0.09237574205563961
1 0.3657276995305164 0.10404687075621774 0.1563380281690141 0.011422806813331776
1 0.4157276995305164 0.7772475070810537 0.04694835680751175 0.029798626469561128
1 0.31279342723004694 0.7792340821790246 0.0396713615023474 0.02284561362666361
1 0.4640845070422535 0.5438249330694913 0.009389671361502372 0.09336902960462502
1 0.8188967136150235 0.11025491793737632 0.16361502347417844 0.01887246343072209
1 0.7453051643192488 0.25924805028518216 0.04366197183098586 0.02085903852869279
1 0.7929577464788732 0.27141582276025294 0.03943661971830981 0.028308695146083102
1 0.8613849765258216 0.2612346253831529 0.08380281690140845 0.02284561362666355
1 0.7654929577464789 0.773771000659605 0.05023474178403764 0.016885888332751384
1 0.8667840375586854 0.7837038761494588 0.0368544600938967 0.016885888332751384
1 0.9153755868544601 0.6928180654172972 0.008215962441314506 0.09336902960462502
1 0.9173708920187793 0.5477980832654328 0.009389671361502261 0.09932875489853725
0 0.16795774647887324 0.19691925658635004 0.03544600938967135 0.06406704690955649
0 0.3107981220657277 0.23367089589880882 0.023474178403755874 0.04718115857680516
0 0.3929577464788732 0.23441586156054786 0.025352112676056304 0.05065766499825398
0 0.3134976525821596 0.3734761184185 0.02746478873239433 0.0456912272533271
0 0.39354460093896715 0.46858340123384934 0.02417840375586855 0.054134171419702795
0 0.43415492957746477 0.622542971326582 0.02464788732394363 0.06406704690955643
0 0.3037558685446009 0.6289993403949871 0.030985915492957705 0.054134171419702795
0 0.7078638497652582 0.518992744344857 0.03028169014084514 0.04668451480231251
0 0.7575117370892018 0.29401311449967016 0.022065727699530413 0.0456912272533271
0 0.753755868544601 0.3722345089822683 0.026760563380281654 0.04817444612579057
0 0.7541079812206573 0.42587203662747836 0.02746478873239444 0.05115430877274668