2 0.3602878916172735 0.10791015625 0.32430143945808637 0.18505859375
2 0.7167654530059272 0.118408203125 0.3065198983911939 0.18310546875
2 0.6223539373412362 0.297607421875 0.6308213378492803 0.1650390625
2 0.5901778154106689 0.444091796875 0.5639288738357324 0.134765625
2 0.37383573243014395 0.6005859375 0.4970364098221846 0.15966796875
2 0.2726502963590178 0.750732421875 0.3141405588484335 0.1357421875
2 0.1985605419136325 0.88525390625 0.15495342929720576 0.11865234375
2 0.3522438611346317 0.90625 0.12447078746824725 0.1025390625
2 0.5702794242167655 0.890625 0.2819644369178662 0.1376953125
2 0.7798475867908552 0.890869140625 0.15495342929720576 0.12158203125
2 0.7133784928027096 0.75048828125 0.29974597798475866 0.12060546875
2 0.7785774767146486 0.6025390625 0.3293818797629128 0.1494140625
2 0.4961896697713802 0.754150390625 0.1143099068585944 0.138671875
0 0.49915325994919557 0.840576171875 0.11939034716342083 0.0439453125
0 0.264606265876376 0.89208984375 0.12108382726502964 0.04638671875
0 0.25529212531752754 0.842041015625 0.09144792548687553 0.04736328125
0 0.23158340389500423 0.70703125 0.07112616426756986 0.04443359375
0 0.08890770533446232 0.66015625 0.12531752751905165 0.06494140625
0 0.34504657070279426 0.667236328125 0.11600338696020322 0.06103515625
0 0.6003386960203217 0.709716796875 0.08044030482641829 0.04541015625
0 0.4695173581710415 0.5908203125 0.09991532599491956 0.04638671875
0 0.655376799322608 0.546630859375 0.09398814563928874 0.05224609375
1 0.42506350550381033 0.955078125 0.2557154953429297 0.02783203125
1 0.8738357324301439 0.759765625 0.02201524132091448 0.1240234375
1 0.8662150719729044 0.872314453125 0.04487722269263336 0.09423828125
1 0.8784928027095682 0.45556640625 0.03132938187976291 0.08447265625
1 0.9627434377646062 0.304443359375 0.03217612193056731 0.14306640625
1 0.9174428450465707 0.388427734375 0.05419136325148179 0.013671875
1 0.5499576629974597 0.097412109375 0.027095681625740897 0.14111328125
1 0.6731583403895004 0.021240234375 0.2193056731583404 0.02685546875
1 0.37341236240474174 0.20947265625 0.11600338696020322 0.0224609375
1 0.10076206604572396 0.816162109375 0.015241320914479255 0.15283203125
1 0.10838272650296359 0.568603515625 0.03048264182895851 0.0732421875
1 0.1930567315834039 0.52783203125 0.15495342929720576 0.0146484375
1 0.9085520745131245 0.693115234375 0.05419136325148179 0.02490234375
0 0.7218458933107536 0.19921875 0.11685012701100762 0.03173828125