2 0.3604729199987456 0.10787037037037038 0.3243453444977578 0.1851851851851852
2 0.7169316649418258 0.11851851851851852 0.3066829742528304 0.18333333333333335
2 0.6221971336281242 0.2976851851851852 0.631028318750588 0.16481481481481486
2 0.5900837331828018 0.444212962962963 0.5635901778154105 0.1347222222222222
2 0.37371969768244107 0.6006944444444444 0.49695487189136645 0.15972222222222232
2 0.2725624862796751 0.7506944444444444 0.3139084893530279 0.13564814814814818
2 0.19870166525543326 0.8851851851851852 0.15494715714868126 0.11851851851851847
2 0.3520431523818484 0.90625 0.12443942672562484 0.10231481481481475
2 0.5704142754100417 0.8905092592592593 0.28179508890770527 0.13749999999999996
2 0.7799542133157713 0.8909722222222223 0.15494715714868137 0.12175925925925934
2 0.713318907391727 0.750462962962963 0.2994574591526327 0.12037037037037046
2 0.7787499607990717 0.6025462962962963 0.3291623545645562 0.14953703703703702
2 0.4961520368802334 0.7541666666666667 0.11400257158089508 0.13888888888888884
0 0.498961959419199 0.8405092592592593 0.11962241665882657 0.0439814814814814
0 0.2645341361683445 0.8921296296296297 0.12122808668109263 0.04629629629629628
0 0.25530153354031426 0.8421296296296297 0.09152319126916925 0.047222222222222276
0 0.2316179007118889 0.7069444444444445 0.07145231599084266 0.04444444444444451
0 0.08911468623577007 0.6601851851851852 0.12524226173675793 0.06481481481481488
0 0.34521905478721737 0.6671296296296296 0.11560824160316113 0.061111111111111116
0 0.6005205883275316 0.7097222222222223 0.08028350111330633 0.04537037037037028
0 0.4696584815128423 0.5907407407407408 0.09955154138049985 0.04629629629629628
0 0.6555147865901465 0.5465277777777778 0.0939316963025685 0.052314814814814925
1 0.4251011383949572 0.9550925925925926 0.25610436855144736 0.02777777777777768
1 0.8738859096183398 0.7597222222222223 0.02167654530059264 0.124074074074074
1 0.8662589770125758 0.8722222222222222 0.04495876062345163 0.09444444444444455
1 0.8787029196851381 0.45555555555555555 0.03131056543418947 0.08425925925925926
1 0.9625991783485432 0.30439814814814814 0.03211340044532269 0.1430555555555556
1 0.9176404177250918 0.38842592592592595 0.05459278075704826 0.01388888888888884
1 0.5499419826261486 0.09745370370370371 0.02729639037852413 0.14120370370370372
1 0.6731771568350738 0.021296296296296296 0.21917395803932635 0.026851851851851856
1 0.37331828017687463 0.20949074074074076 0.11560824160316113 0.022685185185185197
1 0.10075579389719948 0.8162037037037038 0.015253865211528207 0.15277777777777768
1 0.10838272650296359 0.5685185185185185 0.030507730423056427 0.07314814814814818
1 0.19308182017750178 0.5277777777777778 0.15494715714868126 0.014814814814814836
1 0.9084078150970615 0.6930555555555555 0.05378994574591533 0.02499999999999991
0 0.7217486750086243 0.19930555555555557 0.11721391162542738 0.03194444444444444