2 0.8509737510584251 0.570556640625 0.28619813717188824 0.36376953125
2 0.5969517358171041 0.552001953125 0.23370025402201525 0.3251953125
2 0.32557154953429296 0.42724609375 0.2768839966130398 0.28662109375
2 0.09144792548687553 0.368896484375 0.18289585097375105 0.18115234375
2 0.0850973751058425 0.623046875 0.170194750211685 0.1728515625
2 0.32218458933107536 0.66064453125 0.25910245554614736 0.18994140625
2 0.08975444538526672 0.497802734375 0.17950889077053345 0.06591796875
0 0.1409822184589331 0.34521484375 0.07705334462320068 0.041015625
0 0.2222692633361558 0.262939453125 0.1126164267569856 0.072265625
0 0.20999153259949196 0.41064453125 0.10584250635055038 0.06689453125
0 0.1363251481795089 0.557861328125 0.07874682472480948 0.04638671875
0 0.34250635055038103 0.482421875 0.08044030482641829 0.0576171875
0 0.4191363251481795 0.589599609375 0.09060118543607112 0.05419921875
1 0.07832345469940728 0.71533203125 0.15664690939881457 0.0126953125
1 0.5770533446232007 0.71826171875 0.14648602878916173 0.01806640625
1 0.8391193903471634 0.766845703125 0.2480948348856901 0.0185546875
1 0.6934801016088061 0.74072265625 0.023708721422523286 0.03125
1 0.9919559695173582 0.427001953125 0.016088060965283656 0.06689453125
1 0.04191363251481795 0.26953125 0.0838272650296359 0.0087890625
1 0.3810330228619814 0.274169921875 0.12701100762066045 0.017578125
1 0.451735817104149 0.322998046875 0.02540220152413209 0.08935546875
1 0.1651143099068586 0.735595703125 0.04318374259102455 0.03125