2 0.3795994410805776 0.15998582988029839 0.6166744294364229 0.29948383220530433
2 0.8351187703772707 0.6700724776907412 0.23008849557522115 0.10123397144968031
2 0.5568234746157429 0.832769931806299 0.2901723334885887 0.25187976229741904
2 0.18747088961341407 0.5097853562287474 0.19701909641360038 0.3711912286488279
2 0.2258965999068468 0.5968586233387403 0.11551001397298558 0.19342919544849643
2 0.6094550535631114 0.37209510339391433 0.6506753609687936 0.2597133434215014
2 0.876339077782953 0.5522674692478097 0.11504424778761058 0.10063138828628938
2 0.7342803912435958 0.6025831633909544 0.17559385188635313 0.1964421112654512
2 0.5968793665579879 0.5971599149204359 0.08244061481136478 0.19041627963154154
2 0.49231485794131347 0.599871539155695 0.13786679087098275 0.19945502708240592
2 0.3537494177922683 0.5965573317570448 0.13367489520260833 0.19162144595832345
1 0.14881229622729392 0.3145484112900782 0.0833721471821146 0.02651365918920201
1 0.07731718677224034 0.6164425761489464 0.013972985561248263 0.051822152051622106
1 0.0791802515137401 0.48447686336632734 0.019562179785747563 0.049411819398058276
1 0.2226362366092222 0.7050223011674167 0.05961807172799255 0.025308492862419988
1 0.3453656264555193 0.707131342239285 0.0954820680018631 0.029526575006156793
1 0.5032603632976246 0.9680498519875681 0.0507685142058687 0.029526575006156793
1 0.6115510013972986 0.9671459772424817 0.046576618537494285 0.031334324496329634
1 0.9424778761061947 0.27839342148662094 0.017233348858872954 0.030129158169547716
1 0.9473684210526316 0.37450543604747816 0.012109920819748599 0.033142073986502464
1 0.9441080577550071 0.46007224524899365 0.015836050302747928 0.02832140867937481
1 0.7815556590591524 0.22446222836313048 0.04843968327899395 0.02229557704546531
1 0.5288775034932464 0.22868031050686718 0.06287843502561713 0.024705909699029138
1 0.38146250582207736 0.22747514418008527 0.06520726595249182 0.01385941275799198
0 0.6599906846762925 0.20969894086005214 0.0400558919422449 0.06266864899265927
0 0.5819748486259898 0.5242473521501303 0.043316255239869594 0.059053150012313586
0 0.8195156031672101 0.39529455518446605 0.03959012575687004 0.06146348266587728
0 0.8337214718211459 0.26634175821880185 0.046576618537494285 0.04459115409093062
0 0.8730787144853284 0.4441037914191334 0.049836981835118754 0.06025831633909543
0 0.8775034932463903 0.642052360593062 0.049371215649743894 0.06447639848283217
0 0.7554727526781556 0.6441614016649303 0.05123428039124356 0.06869448062656883
0 0.36143455985095485 0.48236782229445896 0.06148113646949227 0.04760406990788544
0 0.23567768979972054 0.4799574896408952 0.040055891942245014 0.05724540052214061
0 0.23521192361434562 0.29165025108122195 0.045645086166744314 0.07230997960691454
0 0.23078714485328367 0.5263563932219987 0.03679552864462038 0.04278340460075778
0 0.2401024685607825 0.5733578799664931 0.042384722869119734 0.058450566848922594
0 0.18444340940847695 0.626987781508288 0.046576618537494174 0.056040234195358765
0 0.4974382859804378 0.7884800692970638 0.04098742431299485 0.05483506786857678
0 0.3907778295295762 0.9222535315698557 0.053097345132743334 0.056040234195358765