2 0.2373046875 0.6282375236891977 0.2314453125 0.7435249526216046
2 0.63134765625 0.10739102969046115 0.078125 0.2147820593809223
2 0.75732421875 0.42640555906506633 0.19482421875 0.37523689197725835
2 0.50732421875 0.8885028427037271 0.287109375 0.2229943145925458
2 0.574951171875 0.8547062539481997 0.1494140625 0.14971572962728996
2 0.401123046875 0.3897662665824384 0.20068359375 0.7795325331648768
2 0.540283203125 0.04390397978521794 0.07763671875 0.08780795957043588
2 0.579345703125 0.19677826910928617 0.15185546875 0.22741629816803538
2 0.5751953125 0.3746051800379027 0.14697265625 0.10675931775110549
2 0.5771484375 0.5097915350600126 0.154296875 0.1781427668982944
2 0.57470703125 0.6891977258370183 0.14794921875 0.17308907138344914
1 0.3564453125 0.9500947567909034 0.0205078125 0.0998104864181933
1 0.658447265625 0.8588123815540114 0.01953125 0.07706885660138976
1 0.66015625 0.6999368288060644 0.02294921875 0.12381554011370816
1 0.86181640625 0.49589387239418825 0.02294921875 0.065698041692988
1 0.861083984375 0.3556538218572331 0.0244140625 0.06001263423878711
1 0.287109375 0.13581806696146556 0.01708984375 0.06253948199620973
1 0.290283203125 0.46272899557801644 0.01904296875 0.08149084017687934
1 0.289306640625 0.6535060012634238 0.0107421875 0.08464939987365762
0 0.275634765625 0.29311433986102337 0.04833984375 0.05180037902716361
0 0.518798828125 0.39387239418825015 0.04541015625 0.05622236260265319
0 0.419189453125 0.08654453569172457 0.04736328125 0.051168667087807956
0 0.3193359375 0.06822488945041061 0.03466796875 0.06001263423878711
0 0.456787109375 0.024636765634870498 0.04638671875 0.049273531269740996
0 0.60986328125 0.021794061907770057 0.0498046875 0.043588123815540114
0 0.611328125 0.16961465571699305 0.05322265625 0.06632975363234365
0 0.486328125 0.6794061907770057 0.03662109375 0.07959570435881239
0 0.484619140625 0.8420720151610865 0.04443359375 0.05180037902716361
0 0.3388671875 0.8427037271004422 0.0556640625 0.058749210360075806
0 0.520263671875 0.848389134554643 0.033203125 0.047378395451674035
0 0.556640625 0.8363866077068857 0.04541015625 0.054958938723941884
0 0.59814453125 0.9084017687934302 0.04345703125 0.06001263423878711
0 0.722900390625 0.5031585596967783 0.04248046875 0.053063802905874924
0 0.826416015625 0.6411876184459886 0.04345703125 0.06885660138976626