2 0.2383939774153074 0.8486622073578596 0.18695106649937265 0.30267558528428096
2 0.4698870765370138 0.8515886287625418 0.25094102885821834 0.2968227424749164
2 0.3739021329987453 0.3733277591973244 0.45671267252195735 0.632943143812709
2 0.26882057716436636 0.040551839464882944 0.23651191969887075 0.08110367892976589
2 0.595357590966123 0.30267558528428096 0.39523212045169387 0.45819397993311034
2 0.7252195734002509 0.18603678929765885 0.1342534504391468 0.1714046822742475
2 0.7239648682559598 0.3494983277591973 0.1329987452948557 0.15384615384615385
1 0.24215809284818068 0.08612040133779264 0.1794228356336261 0.028428093645484948
1 0.5721455457967378 0.0903010033444816 0.15558343789209536 0.008361204013377926
1 0.7007528230865746 0.08904682274247491 0.08657465495608532 0.0225752508361204
0 0.30959849435382686 0.6668060200668896 0.055834378920953574 0.08779264214046822
0 0.4316185696361355 0.6584448160535117 0.06273525721455459 0.09782608695652174
0 0.35508155583437895 0.08486622073578595 0.06398996235884567 0.16806020066889632
0 0.6279799247176914 0.17391304347826086 0.06273525721455459 0.07525083612040134
0 0.6314303638644918 0.6400501672240803 0.07214554579673776 0.09113712374581939
0 0.6753450439146801 0.5677257525083612 0.06838143036386449 0.1020066889632107
0 0.7198870765370138 0.4443979933110368 0.045796737766624844 0.07608695652173914
0 0.5737139272271017 0.6734949832775919 0.038268506900878296 0.07608695652173914