2 0.14716636197440586 0.8338136407300673 0.1343692870201097 0.2584053794428434
2 0.4556672760511883 0.7958693563880884 0.4369287020109689 0.37848222862632086
2 0.8107861060329068 0.7973102785782901 0.253199268738574 0.3813640730067243
2 0.8679159049360147 0.4610951008645533 0.1316270566727605 0.27185398655139287
2 0.6878427787934186 0.40970220941402496 0.19195612431444242 0.3746397694524496
2 0.7006398537477148 0.11239193083573487 0.1206581352833638 0.17387127761767532
2 0.40493601462522855 0.16234390009606148 0.3372943327239488 0.28530259365994237
2 0.40356489945155394 0.45773294908741596 0.3327239488117002 0.2670509125840538
1 0.07769652650822668 0.8366954851104706 0.026508226691042046 0.2564841498559078
1 0.22806215722120657 0.8765609990393852 0.029250457038391225 0.15561959654178675
1 0.5804387568555759 0.9971181556195965 0.09506398537477148 0.005763688760806916
1 0.8025594149908593 0.9927953890489913 0.16453382084095064 0.01440922190201729
1 0.22212065813528337 0.4620557156580211 0.026508226691042046 0.1642651296829971
1 0.22714808043875687 0.15898174831892412 0.027422303473491772 0.17483189241114314
0 0.553473491773309 0.2665706051873199 0.07678244972577697 0.07300672430355427
0 0.553473491773309 0.3703170028818444 0.06946983546617916 0.07300672430355427
0 0.7193784277879341 0.2334293948126801 0.06307129798903108 0.07973102785782901
0 0.8048446069469836 0.2540826128722382 0.15722120658135283 0.09798270893371758
0 0.7650822669104205 0.4899135446685879 0.0886654478976234 0.07012487992315082
0 0.6311700182815356 0.633525456292027 0.06581352833638025 0.06724303554274735
0 0.7216636197440585 0.638328530259366 0.06946983546617916 0.08261287223823247
0 0.2303473491773309 0.7468780019212296 0.18738574040219377 0.09606147934678194