2 0.8528336380255942 0.16618635926993275 0.1343692870201097 0.2584053794428434
2 0.5443327239488117 0.20413064361191163 0.4369287020109689 0.37848222862632086
2 0.18921389396709323 0.2026897214217099 0.253199268738574 0.3813640730067243
2 0.13208409506398539 0.5389048991354467 0.1316270566727605 0.27185398655139287
2 0.31215722120658135 0.590297790585975 0.19195612431444242 0.3746397694524496
2 0.2993601462522852 0.8876080691642652 0.1206581352833638 0.17387127761767532
2 0.5950639853747715 0.8376560999039385 0.3372943327239488 0.28530259365994237
2 0.5964351005484461 0.5422670509125841 0.3327239488117002 0.2670509125840538
1 0.9223034734917733 0.1633045148895293 0.026508226691042046 0.2564841498559078
1 0.7719378427787934 0.12343900096061479 0.029250457038391225 0.15561959654178675
1 0.4186471663619744 0.0024015369836695487 0.09506398537477148 0.004803073967339097
1 0.19652650822669104 0.0067243035542747355 0.16453382084095064 0.013448607108549471
1 0.7778793418647166 0.5379442843419788 0.026508226691042046 0.1642651296829971
1 0.7728519195612431 0.8410182516810759 0.027422303473491772 0.17483189241114314
0 0.44652650822669104 0.7334293948126801 0.07678244972577697 0.07300672430355427
0 0.44652650822669104 0.6296829971181557 0.06946983546617916 0.07300672430355427
0 0.2806215722120658 0.7665706051873199 0.06307129798903108 0.07973102785782901
0 0.19515539305301646 0.7459173871277618 0.15722120658135283 0.09798270893371758
0 0.23491773308957953 0.5100864553314121 0.0886654478976234 0.07012487992315082
0 0.3688299817184644 0.3664745437079731 0.06581352833638025 0.06724303554274735
0 0.2783363802559415 0.361671469740634 0.06946983546617916 0.08261287223823247
0 0.7696526508226691 0.2531219980787704 0.18738574040219377 0.09606147934678194