2 0.9423791821561338 0.48814390842191335 0.11524163568773234 0.5249386753883892
2 0.4225526641883519 0.4938675388389207 0.8451053283767038 0.5200327064595257
2 0.29244114002478316 0.33156173344235484 0.22057001239157373 0.20850367947669665
2 0.08240396530359356 0.4002452984464432 0.16480793060718713 0.07440719542109567
2 0.07372986369268897 0.2902698282910875 0.14745972738537794 0.11774325429272281
1 0.8649318463444857 0.35118560915780866 0.024783147459727387 0.15126737530662307
1 0.8711276332094176 0.5457890433360588 0.022304832713754646 0.1463614063777596
1 0.07868649318463444 0.4771054783319706 0.09789343246592318 0.08094848732624693
1 0.24721189591078066 0.48773507767784136 0.09293680297397769 0.10384300899427637
1 0.21499380421313508 0.312346688470973 0.1127633209417596 0.08503679476696648
1 0.9200743494423792 0.6614881439084219 0.1524163568773234 0.08830744071954211