2 0.05762081784386617 0.5118560915780866 0.11524163568773234 0.5249386753883892
2 0.5774473358116481 0.5061324611610794 0.8451053283767038 0.5200327064595257
2 0.7075588599752168 0.6684382665576452 0.22057001239157373 0.20850367947669665
2 0.9175960346964065 0.5997547015535568 0.16480793060718713 0.07440719542109567
2 0.926270136307311 0.7097301717089125 0.14745972738537794 0.11774325429272281
1 0.13506815365551425 0.6488143908421913 0.024783147459727387 0.15126737530662307
1 0.1288723667905824 0.4542109566639411 0.022304832713754646 0.1463614063777596
1 0.9213135068153655 0.5228945216680294 0.09789343246592318 0.08094848732624693
1 0.7527881040892194 0.5122649223221586 0.09293680297397769 0.10384300899427637
1 0.7850061957868649 0.687653311529027 0.1127633209417596 0.08503679476696648
1 0.07992565055762081 0.3385118560915781 0.1524163568773234 0.08830744071954211