1 0.2862694300518135 0.9226918798665183 0.02849740932642487 0.1546162402669633
1 0.2865932642487047 0.7002224694104561 0.02461139896373057 0.1735261401557286
1 0.28918393782383417 0.11457174638487208 0.027202072538860103 0.09899888765294772
1 0.37370466321243523 0.016129032258064516 0.11269430051813471 0.03225806451612903
1 0.6418393782383419 0.013348164627363738 0.11658031088082901 0.026696329254727477
2 0.5132772020725389 0.5116796440489433 0.41904145077720206 0.9766407119021134
2 0.4015544041450777 0.6707452725250278 0.19365284974093264 0.25695216907675195
0 0.5660621761658031 0.860400444938821 0.0667098445595855 0.09343715239154617
0 0.47700777202072536 0.585650723025584 0.06865284974093264 0.1067853170189099
0 0.4637305699481865 0.06451612903225806 0.06865284974093264 0.12903225806451613
0 0.3335492227979275 0.0389321468298109 0.03044041450777202 0.067853170189099
0 0.6852331606217616 0.0339265850945495 0.02461139896373057 0.067853170189099
0 0.6509067357512953 0.9043381535038932 0.05375647668393782 0.11902113459399333
0 0.6091321243523317 0.9922135706340378 0.05375647668393782 0.01557285873192436
0 0.7043393782383419 0.8759733036707452 0.06606217616580311 0.09788654060066741
0 0.6185233160621761 0.6968854282536151 0.06411917098445596 0.08231368186874305
0 0.30537564766839376 0.8737486095661846 0.03367875647668394 0.03337041156840934
0 0.30602331606217614 0.7563959955506118 0.031088082901554404 0.0389321468298109