2 0.684326171875 0.06208213944603629 0.06103515625 0.12416427889207259
2 0.583984375 0.06446991404011461 0.126953125 0.12893982808022922
2 0.4853515625 0.06924546322827126 0.0625 0.1384909264565425
2 0.388671875 0.06972301814708691 0.1201171875 0.13944603629417382
2 0.527099609375 0.4828080229226361 0.388671875 0.45081184336198665
2 0.56884765625 0.3825214899713467 0.08203125 0.2617000955109838
2 0.66796875 0.38156638013371535 0.10986328125 0.2511938872970392
2 0.42138671875 0.2903533906399236 0.185546875 0.19102196752626552
2 0.625244140625 0.8968481375358166 0.19775390625 0.20630372492836677
2 0.426025390625 0.9656160458452722 0.18603515625 0.06876790830945559
1 0.676025390625 0.2454632282712512 0.05322265625 0.021012416427889206
1 0.611083984375 0.24737344794651384 0.041015625 0.02005730659025788
1 0.72265625 0.47182425978987586 0.01220703125 0.07831900668576887
1 0.7216796875 0.6518624641833811 0.01123046875 0.0725883476599809
1 0.72412109375 0.9785100286532952 0.0087890625 0.04297994269340974
1 0.679443359375 0.7827125119388729 0.046875 0.017191977077363897
1 0.6064453125 0.7841451766953199 0.0478515625 0.02005730659025788
1 0.70263671875 0.7077363896848138 0.0185546875 0.021967526265520534
1 0.625244140625 0.7039159503342884 0.0380859375 0.024832855778414518
1 0.3291015625 0.5448901623686724 0.0087890625 0.09264565425023878
0 0.510009765625 0.32808022922636104 0.0361328125 0.06399235912129896
0 0.59521484375 0.2889207258834766 0.0263671875 0.05635148042024833
0 0.733154296875 0.5845272206303725 0.03466796875 0.07067812798471824
0 0.401611328125 0.6509073543457498 0.02392578125 0.049665711556829036