2 0.1496199032480995 0.178438543929442 0.12439530062197651 0.20412287979807378
2 0.26399447131997233 0.13957408833874915 0.08845888044229441 0.11963493286178496
2 0.26278507256392536 0.3355861252309392 0.09571527297857638 0.24805661220494393
2 0.27228749136143743 0.5282186442456778 0.0863856254319281 0.12233854716374619
2 0.23963372494816862 0.7178095971707098 0.1516931582584658 0.23521444427062807
2 0.19644091223220456 0.5275427406701874 0.05977885279889428 0.1209867400127656
2 0.09640635798203179 0.6657650218579559 0.10573600552868001 0.37580238797261273
2 0.14858327574291638 0.36262226825055166 0.12232204561161024 0.15207830448531995
2 0.49118866620594326 0.44711021518684047 0.23047684865238421 0.7603915224265994
2 0.4400483759502419 0.3653258825525129 0.1337249481686248 0.1601891473912036
2 0.43935729094678644 0.1716795081745389 0.1281962681409814 0.2149373370059188
2 0.39270905321354527 0.6539367092868755 0.09778852798894266 0.3629602200382968
2 0.7161368348306841 0.25481564795984707 0.13165169315825853 0.38661684518045775
2 0.8303386316516931 0.25481564795984707 0.09675190048375959 0.3676915450667289
2 0.850898410504492 0.38154756836428033 0.0480304077401521 0.11963493286178495
2 0.7988942639944713 0.644136107442266 0.15618521078092606 0.36363612361378705
1 0.07843814789219074 0.15545782236277142 0.015203870076019338 0.10679276492746907
1 0.07653766413268832 0.29131444103632387 0.007256392536281964 0.07975662190785666
1 0.36990324809951625 0.15545782236277142 0.0107118175535591 0.10408915062550783
1 0.3709398756046994 0.282865646342695 0.010020732550103717 0.08043252548334694
1 0.4854872149274361 0.06454879145932466 0.040082930200414646 0.023656625142160867
1 0.5777470628887353 0.06657650218579558 0.03731859018659289 0.022304817991180247
1 0.7548375950241879 0.06116927358187311 0.041810642709053214 0.016897589387257765
1 0.8802695231513475 0.2544776961721019 0.009329647546648223 0.08583975408726942
1 0.8806150656530753 0.39134817020888985 0.010020732550103606 0.03244337162353488
1 0.8512439530062197 0.05711385212893125 0.04457498272287497 0.022304817991180247
1 0.6446095369730477 0.1490367383956135 0.00863856254319284 0.09124698269119194
1 0.6453006219765031 0.29199034461181417 0.010020732550103606 0.09327469341766281
1 0.6060815480304077 0.10341324705001752 0.011057360055286791 0.03649879307647677
1 0.6041810642709053 0.25481564795984707 0.01278507256392536 0.07434939330393418
1 0.5229785763648929 0.8344029639427885 0.047339322736696554 0.01689758938725782
0 0.41205943331029715 0.4805674421736108 0.03282653766413268 0.07029397185099236
0 0.39201796821008983 0.3139572108152493 0.028680027643400163 0.05204457531275389
0 0.5431928127159641 0.04393373240687019 0.03593642017968213 0.06759035754903106
0 0.8166897028334484 0.039540359166183175 0.028680027643400052 0.0574518039166764
0 0.8489979267449896 0.3105776929377977 0.024187975120939953 0.04258192525588957
0 0.7964754664823773 0.2139234816426833 0.033172080165860374 0.04934096101079265
0 0.7954388389771941 0.38087166478879003 0.028334485141672472 0.04258192525588957
0 0.80286800276434 0.3954035916618317 0.027297857636489287 0.06353493609608923
0 0.21734623358673116 0.504562019103517 0.031098825155494114 0.05609999676569583
0 0.12232204561161023 0.4967891279853783 0.03386316516931581 0.07434939330393418
0 0.20076019350380095 0.42007407216722803 0.03248099516240499 0.04528553955785076
0 0.10798203178991016 0.3278132341128006 0.03973738769868693 0.06623855039805042
0 0.19574982722874912 0.12301445073923654 0.02384243261921215 0.05947951464314734
0 0.5772287491361437 0.6924632130898232 0.025224602626122916 0.046637346708831406
0 0.18020041465100206 0.7235547775623775 0.030062197650310984 0.0493409610107927
0 0.18296475466482376 0.62014153051236 0.02591568762957841 0.047989153859811944