2 0.5560959792477302 0.3535262206148282 0.301556420233463 0.6347197106690777
2 0.4779507133592737 0.8327305605786618 0.4578469520103761 0.25316455696202533
2 0.32944228274967574 0.33499095840867993 0.1569390402075227 0.6699819168173599
2 0.1926070038910506 0.43806509945750455 0.10246433203631647 0.40596745027124775
2 0.19033722438391698 0.8119349005424955 0.09792477302204929 0.3182640144665461
1 0.7457846952010376 0.17043399638336348 0.02464332036316472 0.09855334538878843
1 0.7396238651102465 0.4240506329113924 0.021400778210116732 0.09584086799276673
1 0.7363813229571985 0.5899638336347197 0.020103761348897537 0.09312839059674503
1 0.7347600518806745 0.8426763110307414 0.02204928664072633 0.10307414104882459
0 0.36997405966277563 0.18806509945750452 0.06420233463035019 0.08860759493670886
0 0.3667315175097276 0.5049728752260397 0.05512321660181582 0.08589511754068715
0 0.6199740596627756 0.6975587703435805 0.06874189364461739 0.10216998191681737
0 0.16309987029831388 0.38517179023508136 0.04345006485084306 0.10849909584086799