2 0.44390402075226976 0.6464737793851718 0.301556420233463 0.6347197106690777
2 0.5220492866407264 0.16726943942133815 0.4578469520103761 0.25316455696202533
2 0.6705577172503242 0.6650090415913201 0.1569390402075227 0.6699819168173599
2 0.8073929961089494 0.5619349005424955 0.10246433203631647 0.40596745027124775
2 0.809662775616083 0.18806509945750452 0.09792477302204929 0.3182640144665461
1 0.25421530479896237 0.8295660036166366 0.02464332036316472 0.09855334538878843
1 0.2603761348897536 0.5759493670886076 0.021400778210116732 0.09584086799276673
1 0.26361867704280156 0.4100361663652803 0.020103761348897537 0.09312839059674503
1 0.26523994811932555 0.15732368896925858 0.02204928664072633 0.10307414104882459
0 0.6300259403372244 0.8119349005424955 0.06420233463035019 0.08860759493670886
0 0.6332684824902723 0.4950271247739602 0.05512321660181582 0.08589511754068715
0 0.38002594033722437 0.3024412296564195 0.06874189364461739 0.10216998191681737
0 0.8369001297016861 0.6148282097649186 0.04345006485084306 0.10849909584086799