2 0.476 0.4869727047146402 0.952 0.34739454094292804
2 0.318 0.5452853598014888 0.17733333333333334 0.05955334987593052
2 0.20466666666666666 0.5896401985111662 0.4093333333333333 0.14826302729528537
2 0.138 0.36507444168734493 0.276 0.08622828784119106
0 0.35733333333333334 0.391439205955335 0.09866666666666667 0.05334987593052109
0 0.278 0.49627791563275436 0.1 0.062034739454094295
0 0.15066666666666667 0.4426178660049628 0.104 0.05148883374689826
0 0.08466666666666667 0.5356699751861043 0.11066666666666666 0.05521091811414392
0 0.10933333333333334 0.6088709677419355 0.112 0.04156327543424317
1 0.978 0.37996277915632753 0.03866666666666667 0.06761786600496278
1 0.9646666666666667 0.49720843672456577 0.05733333333333333 0.05521091811414392
1 0.9813333333333333 0.565136476426799 0.037333333333333336 0.07196029776674938