2 0.0771484375 0.2783203125 0.095703125 0.17252604166666666
2 0.198974609375 0.2731119791666667 0.13427734375 0.15299479166666666
2 0.26171875 0.3704427083333333 0.07568359375 0.087890625
2 0.192626953125 0.3655598958333333 0.060546875 0.08268229166666667
2 0.09814453125 0.4658203125 0.12841796875 0.19010416666666666
2 0.28466796875 0.6126302083333334 0.24462890625 0.24348958333333334
2 0.1572265625 0.6979166666666666 0.24951171875 0.2578125
2 0.449951171875 0.6061197916666666 0.07568359375 0.22265625
2 0.32421875 0.4537760416666667 0.3251953125 0.07096354166666667
2 0.39599609375 0.3063151041666667 0.18017578125 0.22395833333333334
2 0.609130859375 0.3046875 0.1728515625 0.21940104166666666
2 0.75830078125 0.28125 0.11083984375 0.16796875
2 0.8955078125 0.3046875 0.14794921875 0.21940104166666666
2 0.748779296875 0.5891927083333334 0.44873046875 0.4479166666666667
2 0.875 0.6168619791666666 0.189453125 0.228515625
2 0.871826171875 0.7783203125 0.18798828125 0.09440104166666667
1 0.623779296875 0.19173177083333334 0.0771484375 0.017578125
1 0.762939453125 0.19563802083333334 0.03857421875 0.021484375
1 0.918212890625 0.19303385416666666 0.07958984375 0.014973958333333334
1 0.83251953125 0.7360026041666666 0.0849609375 0.01171875
1 0.6552734375 0.8310546875 0.18017578125 0.008463541666666666
1 0.1494140625 0.8310546875 0.16845703125 0.021484375
1 0.23095703125 0.1953125 0.10986328125 0.013020833333333334
1 0.100830078125 0.19140625 0.03564453125 0.01171875
1 0.486328125 0.3072916666666667 0.01171875 0.10481770833333333
0 0.1435546875 0.2659505208333333 0.048828125 0.061197916666666664
0 0.2451171875 0.3014322916666667 0.04296875 0.05078125
0 0.330322265625 0.392578125 0.0439453125 0.06966145833333333
0 0.43896484375 0.4677734375 0.05126953125 0.06966145833333333
0 0.3330078125 0.5152994791666666 0.04150390625 0.057942708333333336
0 0.249755859375 0.4404296875 0.04541015625 0.061197916666666664
0 0.201904296875 0.4371744791666667 0.0361328125 0.0546875
0 0.172607421875 0.4651692708333333 0.037109375 0.051432291666666664
0 0.265625 0.6064453125 0.0537109375 0.06901041666666667
0 0.326171875 0.7141927083333334 0.05517578125 0.16796875
0 0.8447265625 0.3977864583333333 0.046875 0.076171875
0 0.843017578125 0.5201822916666666 0.0517578125 0.06510416666666667
0 0.79736328125 0.7766927083333334 0.05712890625 0.061848958333333336
0 0.76171875 0.3401692708333333 0.0439453125 0.050130208333333336
0 0.798828125 0.3935546875 0.04736328125 0.06770833333333333