2 0.07709143968871596 0.2782101167315175 0.09581712062256809 0.1725032425421531
2 0.19892996108949418 0.2730220492866407 0.13424124513618674 0.15304798962386515
2 0.2616731517509728 0.37029831387808043 0.07587548638132299 0.0881971465629053
2 0.1926070038910506 0.36543450064850846 0.060311284046692615 0.08236057068741894
2 0.09824902723735407 0.46595330739299606 0.12840466926070038 0.1900129701686121
2 0.2847762645914397 0.6125162127107653 0.24464980544747084 0.24319066147859925
2 0.1573443579766537 0.6977950713359274 0.2495136186770428 0.25810635538261995
2 0.44990272373540857 0.6060311284046692 0.07587548638132302 0.22243839169909205
2 0.3241731517509728 0.45363164721141375 0.3253891050583658 0.07068741893644621
2 0.3959143968871595 0.30642023346303504 0.17996108949416345 0.22373540856031127
2 0.6091926070038911 0.304798962386511 0.1726653696498055 0.21919584954604412
2 0.7582684824902723 0.28112840466926076 0.1108949416342413 0.1679636835278859
2 0.8954280155642024 0.304798962386511 0.14785992217898825 0.21919584954604412
2 0.748784046692607 0.5891699092088197 0.4489299610894941 0.4481193255512323
2 0.875 0.6167315175097277 0.18968871595330739 0.22827496757457855
2 0.8718385214007782 0.7782101167315175 0.1882295719844358 0.09468223086900125
1 0.623784046692607 0.19163424124513617 0.0773346303501945 0.017509727626459155
1 0.7628891050583658 0.19552529182879377 0.03842412451361876 0.02140077821011673
1 0.9182879377431907 0.1929312581063554 0.07976653696498048 0.014915693904020774
1 0.8324416342412452 0.7360570687418937 0.08511673151750965 0.011673151750972721
1 0.6551556420233463 0.8310635538261998 0.17996108949416345 0.008430609597924743
1 0.14931906614785992 0.8310635538261998 0.16828793774319067 0.021400778210116655
1 0.23103112840466927 0.19520103761348898 0.10992217898832682 0.012970168612191987
1 0.10092412451361868 0.19130998702983137 0.03550583657587547 0.011673151750972796
1 0.48638132295719844 0.30739299610894943 0.011673151750972721 0.10505836575875489
0 0.14348249027237353 0.26588845654993515 0.04863813229571984 0.06095979247730221
0 0.24513618677042803 0.301556420233463 0.04280155642023345 0.05058365758754868
0 0.33025291828793774 0.39267185473411154 0.043774319066147815 0.06939040207522702
0 0.4389591439688716 0.46789883268482496 0.05107003891050588 0.06939040207522702
0 0.3329280155642023 0.5152399481193256 0.04134241245136183 0.057717250324254156
0 0.2497568093385214 0.440337224383917 0.04523346303501943 0.060959792477302134
0 0.20184824902723736 0.437094682230869 0.03599221789883267 0.05447470817120618
0 0.17266536964980544 0.46530479896238647 0.03696498054474706 0.0512321660181582
0 0.26556420233463035 0.606355382619974 0.05350194552529186 0.06874189364461743
0 0.32611867704280156 0.7143320363164721 0.05496108949416345 0.16796368352788585
0 0.8448443579766537 0.3978599221789883 0.04669260700389111 0.07587548638132298
0 0.8428988326848249 0.5201037613488976 0.051556420233463074 0.06485084306095985
0 0.7974221789883269 0.7765888456549935 0.05690661478599224 0.06160830090791188
0 0.7616731517509727 0.34014267185473407 0.043774319066147926 0.04993514915693901
0 0.7988813229571985 0.39364461738002593 0.0471789883268483 0.06744487678339824