2 0.329833984375 0.9013671875 0.11474609375 0.17903645833333334
2 0.40283203125 0.8177083333333334 0.06591796875 0.10091145833333333
2 0.399169921875 0.9098307291666666 0.06201171875 0.08072916666666667
2 0.47412109375 0.9749348958333334 0.142578125 0.050130208333333336
2 0.58447265625 0.787109375 0.1826171875 0.326171875
2 0.6484375 0.8951822916666666 0.193359375 0.20963541666666666
2 0.57958984375 0.5667317708333334 0.1669921875 0.10091145833333333
2 0.46533203125 0.734375 0.05322265625 0.43359375
2 0.354736328125 0.638671875 0.16796875 0.240234375
2 0.353515625 0.3544921875 0.16455078125 0.23046875
2 0.3359375 0.15559895833333334 0.1259765625 0.14778645833333334
2 0.353271484375 0.035481770833333336 0.16455078125 0.07096354166666667
2 0.56689453125 0.23372395833333334 0.3359375 0.4674479166666667
2 0.587646484375 0.06315104166666667 0.17138671875 0.12630208333333334
2 0.708740234375 0.06477864583333333 0.07080078125 0.12955729166666666
1 0.268798828125 0.3349609375 0.01318359375 0.10286458333333333
1 0.271728515625 0.1494140625 0.01611328125 0.051432291666666664
1 0.677001953125 0.056640625 0.0087890625 0.11328125
1 0.748291015625 0.29296875 0.00634765625 0.240234375
1 0.748291015625 0.9274088541666666 0.01611328125 0.14518229166666666
1 0.271484375 0.8587239583333334 0.009765625 0.146484375
1 0.35546875 0.5182291666666666 0.07861328125 0.015625
0 0.32421875 0.9713541666666666 0.0458984375 0.057291666666666664
0 0.35107421875 0.83984375 0.0380859375 0.057291666666666664
0 0.41943359375 0.7262369791666666 0.05224609375 0.05859375
0 0.475830078125 0.5813802083333334 0.05224609375 0.068359375
0 0.511474609375 0.72265625 0.04345703125 0.055338541666666664
0 0.455322265625 0.8336588541666666 0.0458984375 0.060546875
0 0.452880859375 0.8974609375 0.041015625 0.048177083333333336
0 0.473876953125 0.9365234375 0.03857421875 0.049479166666666664
0 0.579833984375 0.8125 0.0517578125 0.07161458333333333
0 0.66064453125 0.7317708333333334 0.1259765625 0.07356770833333333
0 0.42333984375 0.040364583333333336 0.05712890625 0.0625
0 0.51513671875 0.042643229166666664 0.048828125 0.06901041666666667
0 0.70751953125 0.103515625 0.04638671875 0.076171875
0 0.380126953125 0.15104166666666666 0.03759765625 0.05859375
0 0.420166015625 0.1015625 0.05078125 0.06315104166666667