2 0.8785942492012779 0.21090670170827858 0.18722044728434506 0.2752956636005256
2 0.663258785942492 0.20170827858081472 0.24728434504792332 0.26609724047306177
2 0.44089456869009586 0.2033508541392904 0.18210862619808307 0.26938239159001315
2 0.9134185303514377 0.4057161629434954 0.11118210862619808 0.11695137976346912
2 0.884664536741214 0.599868593955322 0.17763578274760383 0.35413929040735875
2 0.663258785942492 0.8459264126149802 0.24089456869009584 0.10249671484888305
2 0.5006389776357828 0.5627463863337714 0.7015974440894569 0.43626806833114323
2 0.44824281150159745 0.6639290407358739 0.19424920127795528 0.22996057818659657
2 0.09073482428115016 0.5525624178712221 0.1182108626198083 0.24507227332457293
2 0.08434504792332269 0.7316031537450722 0.12715654952076677 0.09592641261498029
1 0.0706070287539936 0.7887647831800263 0.06773162939297124 0.018396846254927726
1 0.24728434504792332 0.7871222076215506 0.0900958466453674 0.019053876478318004
1 0.436741214057508 0.7887647831800263 0.08945686900958466 0.01971090670170828
1 0.6859424920127796 0.7927069645203679 0.134185303514377 0.02102496714848883
1 0.8837060702875399 0.7871222076215506 0.0926517571884984 0.022996057818659658
0 0.5968051118210863 0.8127463863337714 0.05686900958466454 0.06767411300919843
0 0.8878594249201278 0.4878449408672799 0.03961661341853035 0.05781865965834428
0 0.8191693290734824 0.4487516425755585 0.040255591054313096 0.0519053876478318
0 0.8182108626198084 0.3173455978975033 0.042172523961661344 0.054533508541392904
0 0.7482428115015974 0.31898817345597896 0.053035143769968054 0.052562417871222074
0 0.38242811501597446 0.316688567674113 0.042172523961661344 0.053219448094612355
0 0.3169329073482428 0.3915900131406045 0.065814696485623 0.05847568988173456
0 0.2571884984025559 0.4592641261498029 0.04089456869009585 0.03876478318002628
0 0.17220447284345047 0.6435611038107752 0.04856230031948882 0.04993429697766097
0 0.11693290734824281 0.661957950065703 0.031309904153354634 0.05519053876478318
1 0.8619808306709266 0.06471747700394218 0.10926517571884985 0.02102496714848883
1 0.7003194888178914 0.06340341655716163 0.11309904153354633 0.01576872536136662
1 0.4431309904153355 0.06406044678055191 0.09201277955271565 0.018396846254927726