2 0.801025390625 0.042064439140811455 0.16455078125 0.08412887828162291
2 0.642578125 0.09337708830548926 0.1484375 0.1867541766109785
2 0.796142578125 0.18317422434367542 0.1669921875 0.2022673031026253
2 0.733154296875 0.21927207637231502 0.04296875 0.12589498806682578
2 0.65869140625 0.2398568019093079 0.1181640625 0.09069212410501193
2 0.583984375 0.2544749403341289 0.03125 0.0513126491646778
2 0.5244140625 0.2837112171837709 0.07861328125 0.1616945107398568
2 0.6171875 0.3630668257756563 0.09765625 0.1575178997613365
2 0.774658203125 0.3639618138424821 0.205078125 0.15930787589498807
2 0.846923828125 0.6631861575178998 0.06884765625 0.3347255369928401
2 0.735595703125 0.7562649164677804 0.22119140625 0.1509546539379475
2 0.71826171875 0.5859188544152745 0.193359375 0.17541766109785203
2 0.6220703125 0.7473150357995226 0.111328125 0.49821002386634844
2 0.78271484375 0.9140811455847255 0.201171875 0.1581145584725537
2 0.473388671875 0.6062052505966588 0.1201171875 0.2094272076372315
2 0.409912109375 0.5880071599045346 0.05908203125 0.1730310262529833
2 0.302978515625 0.6706443914081146 0.13818359375 0.3412887828162291
2 0.357177734375 0.9534606205250596 0.041015625 0.07935560859188544
2 0.300048828125 0.956145584725537 0.05419921875 0.08770883054892602
2 0.453125 0.9552505966587113 0.14794921875 0.07816229116945107
2 0.381591796875 0.9206443914081146 0.3037109375 0.1473747016706444
1 0.878662109375 0.05369928400954654 0.01220703125 0.0441527446300716
1 0.8828125 0.18645584725536993 0.01318359375 0.08472553699284009
1 0.883544921875 0.3201073985680191 0.0146484375 0.03937947494033413
1 0.563720703125 0.06294749403341289 0.01025390625 0.11575178997613365
1 0.75146484375 0.4457040572792363 0.0693359375 0.0065632458233890216
1 0.56494140625 0.31831742243436756 0.0146484375 0.05548926014319809
1 0.70947265625 0.49821002386634844 0.0849609375 0.012529832935560859
1 0.707275390625 0.994928400954654 0.11865234375 0.010143198090692125
1 0.532470703125 0.7482100238663485 0.01025390625 0.05548926014319809
1 0.5341796875 0.6136634844868735 0.01416015625 0.034606205250596656
1 0.496337890625 0.49671837708830546 0.03515625 0.011933174224343675
1 0.228271484375 0.5808472553699284 0.00634765625 0.03937947494033413
1 0.23046875 0.6587112171837709 0.01416015625 0.04713603818615752
1 0.402099609375 0.9958233890214797 0.03076171875 0.008353221957040573
1 0.25048828125 0.997016706443914 0.033203125 0.0059665871121718375
2 0.185302734375 0.8451670644391408 0.07958984375 0.14856801909307876
2 0.525390625 0.28579952267303105 0.07861328125 0.14618138424821003