2 0.09954677889284559 0.1321248467307584 0.12075105212042733 0.20095635371025525
2 0.13920362576885725 0.3257629080322741 0.20912916801553905 0.1815727684114315
2 0.24069278083522178 0.13805859733243916 0.16542570411136293 0.20412102069781837
2 0.270152152800259 0.21519735515428912 0.10326966655875691 0.052217005294790717
2 0.28714794431854973 0.30598373936000484 0.07445775331822599 0.14438793130756536
2 0.2989640660407899 0.3973634986258886 0.04176108773065723 0.038371587224202225
2 0.32308190352865007 0.47015083933983937 0.1320815797992878 0.09612675974722844
2 0.38782777597928136 0.35681620284773674 0.12884428617675625 0.11946617878050611
2 0.38863709938491425 0.1643648916665572 0.13046293298802203 0.25040427539092835
2 0.633538361929427 0.0761497993882365 0.2738750404661703 0.08425925854386687
2 0.7097766267400454 0.21203268816672605 0.1233408870184527 0.2705790274366429
2 0.5702492716089349 0.2331963986460541 0.14341210747814825 0.23616327394689443
2 0.7023308514082227 0.350882452246056 0.40757526707672387 0.13608068046521224
2 0.8387827775979282 0.1546730990171453 0.12949174490126247 0.2460528582830291
2 0.5869213337649725 0.53265301234421 0.17157656199417293 0.14676143154823762
2 0.5720297831013273 0.6101873535395055 0.14179346066688248 0.07239175734050536
2 0.639689219812237 0.7407298667764823 0.27905471026222073 0.1689141004611792
2 0.8711557138232439 0.6746674434111032 0.06474587245063135 0.05023908842756387
2 0.874554872126902 0.7438945337640454 0.07348656523146646 0.06606242336537921
2 0.872612495953383 0.557179181497824 0.06377468436387179 0.1807816016645407
2 0.8441243120751053 0.6448008987159766 0.12075105212042736 0.37105720429177064
1 0.13483327937843964 0.03718483710386613 0.03593395921010034 0.015032168190924605
1 0.24344448041437355 0.03224004493579883 0.06927808352217543 0.016218918311260763
1 0.35286500485594047 0.03125108650218537 0.032372936225315674 0.018196835178487684
1 0.03528650048559404 0.12757563793613647 0.007769504694075752 0.0716005905936146
1 0.1424409193913888 0.42208745946622517 0.09452897377792167 0.012658667950252299
1 0.45548721269019105 0.19264910286790218 0.005179669796050557 0.08465484191731226
1 0.35140822272580124 0.42050512597244366 0.04564584007769501 0.018196835178487723
1 0.49854321786986083 0.2440749414158022 0.010359339592101002 0.10364284384269071
1 0.9096795079313694 0.24664623334319716 0.01748138556167045 0.14517909805445603
1 0.7031401748138556 0.4604590466904275 0.04532211071544179 0.012658667950252299
1 0.5929103269666559 0.4582833381364778 0.028164454516024673 0.017010085058151464
1 0.4972483004208482 0.5043688011428651 0.009711880867594669 0.04272300433210152
1 0.5662026545807705 0.8321096260423662 0.03237293622531556 0.00751608409546234
1 0.6298154742635157 0.8293405424282484 0.038523794108125564 0.0170100850581516
1 0.9091939138879896 0.6192857711287493 0.013272903852379336 0.0375804204773115
1 0.9093557785691163 0.8048143732746347 0.009711880867594669 0.04074508746487461
2 0.782453868565879 0.8845244230238795 0.1217222402071867 0.09731350986756455
2 0.32470055033991585 0.46896408921950317 0.1197798640336678 0.09612675974722844