2 0.198974609375 0.9576372315035799 0.16455078125 0.08472553699284009
2 0.357421875 0.9066229116945107 0.1484375 0.1867541766109785
2 0.203857421875 0.8168257756563246 0.1669921875 0.2022673031026253
2 0.266845703125 0.780727923627685 0.04296875 0.12589498806682578
2 0.34130859375 0.7601431980906921 0.1181640625 0.09069212410501193
2 0.416015625 0.7455250596658711 0.03125 0.0513126491646778
2 0.4755859375 0.7162887828162291 0.07861328125 0.1616945107398568
2 0.3828125 0.6369331742243437 0.09765625 0.1575178997613365
2 0.225341796875 0.636038186157518 0.205078125 0.15930787589498807
2 0.153076171875 0.3368138424821002 0.06884765625 0.3347255369928401
2 0.264404296875 0.24373508353221957 0.22119140625 0.1509546539379475
2 0.28173828125 0.41408114558472553 0.193359375 0.17541766109785203
2 0.3779296875 0.2526849642004773 0.111328125 0.49821002386634844
2 0.21728515625 0.08591885441527446 0.201171875 0.1581145584725537
2 0.526611328125 0.3937947494033413 0.1201171875 0.2094272076372315
2 0.590087890625 0.4119928400954654 0.05908203125 0.1730310262529833
2 0.697021484375 0.32935560859188545 0.13818359375 0.3412887828162291
2 0.642822265625 0.046539379474940336 0.041015625 0.07935560859188544
2 0.699462890625 0.04355608591885442 0.05419921875 0.08711217183770883
2 0.546875 0.04474940334128878 0.14794921875 0.07816229116945107
2 0.618408203125 0.07935560859188544 0.3037109375 0.1473747016706444
1 0.121337890625 0.9463007159904535 0.01220703125 0.0441527446300716
1 0.1171875 0.8135441527446301 0.01318359375 0.08472553699284009
1 0.116455078125 0.6798926014319809 0.0146484375 0.03937947494033413
1 0.436279296875 0.9370525059665871 0.01025390625 0.11575178997613365
1 0.24853515625 0.5542959427207638 0.0693359375 0.0065632458233890216
1 0.43505859375 0.6816825775656324 0.0146484375 0.05548926014319809
1 0.29052734375 0.5017899761336515 0.0849609375 0.012529832935560859
1 0.292724609375 0.005071599045346062 0.11865234375 0.010143198090692125
1 0.467529296875 0.25178997613365156 0.01025390625 0.05548926014319809
1 0.4658203125 0.3863365155131265 0.01416015625 0.034606205250596656
1 0.503662109375 0.5032816229116945 0.03515625 0.011933174224343675
1 0.771728515625 0.41915274463007157 0.00634765625 0.03937947494033413
1 0.76953125 0.3412887828162291 0.01416015625 0.04713603818615752
1 0.597412109375 0.0038782816229116944 0.03076171875 0.007756563245823389
1 0.74951171875 0.0026849642004773268 0.033203125 0.0053699284009546535
2 0.814697265625 0.1548329355608592 0.07958984375 0.14856801909307876
2 0.474609375 0.714200477326969 0.07861328125 0.14618138424821003