2 0.75 0.09174757281553399 0.23657718120805368 0.1524271844660194
2 0.38338926174496646 0.5160194174757281 0.46812080536912754 0.9407766990291262
2 0.25293624161073824 0.8825242718446602 0.1535234899328859 0.2
2 0.7546140939597316 0.8077669902912621 0.23070469798657717 0.3572815533980582
2 0.7508389261744967 0.36456310679611653 0.23657718120805368 0.37766990291262137
1 0.4777684563758389 0.040776699029126215 0.24916107382550334 0.015533980582524271
1 0.7470637583892618 0.9902912621359223 0.23573825503355705 0.015533980582524271
1 0.5033557046979866 0.9917475728155339 0.2332214765100671 0.01650485436893204
1 0.20385906040268456 0.9936893203883496 0.053691275167785234 0.010679611650485437
0 0.16946308724832215 0.679126213592233 0.1476510067114094 0.09029126213592233
0 0.20889261744966442 0.7587378640776699 0.06375838926174497 0.09029126213592233
0 0.647231543624161 0.6796116504854369 0.0796979865771812 0.07378640776699029
0 0.6535234899328859 0.5092233009708738 0.08221476510067115 0.07281553398058252
0 0.6543624161073825 0.10436893203883495 0.07718120805369127 0.0825242718446602