2 0.30810546875 0.717479674796748 0.125 0.15853658536585366
2 0.306884765625 0.8796747967479674 0.123046875 0.14552845528455285
2 0.383056640625 0.8195121951219512 0.15087890625 0.36097560975609755
2 0.416259765625 0.5398373983739837 0.103515625 0.17073170731707318
2 0.523681640625 0.7024390243902439 0.0712890625 0.19349593495934958
2 0.56787109375 0.5211382113821138 0.123046875 0.13821138211382114
2 0.566650390625 0.3597560975609756 0.12255859375 0.15772357723577235
2 0.677001953125 0.3410569105691057 0.08935546875 0.12032520325203253
2 0.677978515625 0.49959349593495933 0.0859375 0.1878048780487805
2 0.67626953125 0.6678861788617886 0.0908203125 0.13739837398373983
2 0.677978515625 0.8235772357723578 0.08740234375 0.2040650406504065
2 0.598388671875 0.8353658536585366 0.060546875 0.19349593495934958
2 0.598876953125 0.6691056910569105 0.0615234375 0.13983739837398373
2 0.38330078125 0.29065040650406504 0.15234375 0.2097560975609756
2 0.384033203125 0.12439024390243902 0.15380859375 0.11382113821138211
2 0.4326171875 0.02804878048780488 0.052734375 0.05609756097560976
2 0.307861328125 0.03048780487804878 0.12060546875 0.06097560975609756
1 0.242919921875 0.8947154471544716 0.01220703125 0.04227642276422764
1 0.241943359375 0.8272357723577236 0.005859375 0.028455284552845527
1 0.241943359375 0.7191056910569106 0.00732421875 0.13333333333333333
1 0.35009765625 0.6321138211382114 0.02197265625 0.015447154471544716
1 0.388427734375 0.633739837398374 0.02392578125 0.01951219512195122
1 0.463134765625 0.7772357723577236 0.0107421875 0.05609756097560976
1 0.66015625 0.9357723577235773 0.02392578125 0.015447154471544716
1 0.617919921875 0.9382113821138212 0.01806640625 0.015447154471544716
1 0.56298828125 0.8800813008130082 0.00732421875 0.03577235772357724
1 0.562255859375 0.8150406504065041 0.01025390625 0.03739837398373984
1 0.565185546875 0.7182926829268292 0.01416015625 0.043089430894308944
1 0.56396484375 0.6577235772357723 0.01025390625 0.03983739837398374
1 0.501708984375 0.5121951219512195 0.00927734375 0.0975609756097561
1 0.5029296875 0.42032520325203254 0.01025390625 0.03414634146341464
1 0.368408203125 0.4016260162601626 0.02001953125 0.012195121951219513
0 0.27978515625 0.9723577235772358 0.0283203125 0.055284552845528454
0 0.26318359375 0.7853658536585366 0.02734375 0.05203252032520325
0 0.41650390625 0.6101626016260162 0.029296875 0.06910569105691057
0 0.598876953125 0.9516260162601626 0.02978515625 0.06504065040650407
0 0.604248046875 0.7589430894308943 0.0283203125 0.05121951219512195
0 0.64697265625 0.8426829268292683 0.03369140625 0.043089430894308944
0 0.6435546875 0.6666666666666666 0.03076171875 0.03983739837398374
0 0.53759765625 0.6199186991869918 0.0361328125 0.06016260162601626
0 0.592041015625 0.5808943089430895 0.02392578125 0.05203252032520325
0 0.6171875 0.5634146341463414 0.03369140625 0.046341463414634146
0 0.62109375 0.3284552845528455 0.02734375 0.043089430894308944
0 0.5302734375 0.42357723577235773 0.0244140625 0.04796747967479675
0 0.35888671875 0.01869918699186992 0.0322265625 0.03739837398373984
0 0.386474609375 0.03983739837398374 0.025390625 0.05609756097560976