2 0.1238284066330209 0.10594076236364382 0.1943042537851478 0.11224318732012122
2 0.3695025234318673 0.18036939994490067 0.09516943042537851 0.208280139037872
2 0.2719899062725306 0.17856870710019285 0.08759913482335979 0.20467875334845634
2 0.22152126892573898 0.3055175526520946 0.38968997837058394 0.2508965363626239
2 0.1231074260994953 0.38264722950041324 0.05948089401586157 0.09423625887304289
2 0.476027397260274 0.36043868441568333 0.10273972602739728 0.17226628214371548
2 0.37851478010093725 0.5396076224641122 0.11607786589762081 0.11884572775071667
2 0.48738284066330206 0.6128357981488971 0.08291276135544345 0.20527898429669236
2 0.5841744772891132 0.6110351053041893 0.09480894015861563 0.2040785224002204
2 0.5955299206921413 0.7947057754643876 0.07209805335255948 0.14885727516251368
2 0.5001802451333813 0.7962063528349774 0.11283345349675561 0.14345519662839015
2 0.3992429704397981 0.7935053135679158 0.08255227108868057 0.15125819895545747
2 0.3056957462148522 0.7962063528349774 0.12256669069935111 0.14585612042133403
2 0.29848594087959623 0.6638554287489522 0.11607786589762073 0.1008387993036383
2 0.3985219899062725 0.6644556596971882 0.08399423215573176 0.1020392612001101
2 0.6258111031002163 0.3055175526520946 0.12617159336697914 0.25329746015556764
2 0.7254866618601298 0.3070181300226845 0.06813266041816868 0.25629861489674743
2 0.7957822638788752 0.3883494235086547 0.058759913482336 0.08763371844244758
2 0.8592285508291275 0.36313972368274505 0.18709444844989176 0.14885727516251365
2 0.8871665465032443 0.18156986184137255 0.122566690699351 0.20587921524492822
2 0.7916366258111031 0.18036939994490067 0.05623648161499628 0.20107736765904066
1 0.8325522710886806 0.07142748284007713 0.013338139870223475 0.014405542757662615
1 0.8554434030281182 0.06812621262477946 0.015140591204037435 0.012604849912954788
1 0.9563806777217014 0.2523971137332137 0.008651766402307137 0.03661408784239244
1 0.9563806777217014 0.3082185919191564 0.008651766402307137 0.0390150116353362
1 0.2629776496034607 0.07202771378831307 0.025594808940158642 0.020407852240022038
1 0.303352559480894 0.07022702094360525 0.016943042537851505 0.009603695171775077
1 0.3684210526315789 0.07022702094360525 0.08002883922134096 0.012004618964718846
1 0.4206921413121846 0.2505964208885059 0.009372746935832676 0.03661408784239244
1 0.41979091564527754 0.3142209014015158 0.011896178803172286 0.04021547353180818
1 0.33345349675558755 0.4387688231604739 0.03388608507570301 0.018006928447078362
1 0.12256669069935111 0.4375683612640019 0.01802451333813987 0.013205080861190823
1 0.023071377072819033 0.2568988458449833 0.008651766402307137 0.08763371844244758
1 0.23828406633020907 0.7667950363714163 0.009372746935832732 0.04021547353180818
1 0.23684210526315788 0.6962678999536931 0.009372746935832732 0.030011547411797023
1 0.27162941600576784 0.6050327958218299 0.021268925739005073 0.012004618964718846
1 0.31074260994953135 0.603832333925358 0.022350396539293382 0.016806466550606386
1 0.36878154289834175 0.6083340660371276 0.02595529920692141 0.023409006981201796
1 0.40519105984138426 0.6065333731924197 0.023792357606344572 0.017406697498842282
1 0.4926099495313626 0.5029935346217197 0.058759913482336 0.015606004654134592
1 0.5477649603460706 0.5047942274664274 0.020547945205479534 0.016806466550606386
1 0.5591204037490988 0.280908083774421 0.007209805335256059 0.03361293310121277
1 0.8655371304974765 0.4387688231604739 0.015140591204037435 0.015606004654134408
0 0.21449170872386444 0.1332512705083792 0.03677000720980533 0.0468180139624035
0 0.32858687815428983 0.10564064688952585 0.0313626532083634 0.04561755206593161
0 0.43385003604902667 0.3610389153639193 0.04145638067772173 0.04861870680711128
0 0.08417447728911319 0.395552194887486 0.03208363374188897 0.042016166376515965
0 0.06651045421773612 0.4660793313052092 0.03136265320836337 0.0630242495647739
0 0.22873107426099493 0.6644556596971882 0.03929343907714489 0.04921893775534718
0 0.3444484498918529 0.6734591239207273 0.03064167267483775 0.046818013962403406
0 0.29416005767844267 0.7445864912866864 0.02595529920692141 0.05582147818594259
0 0.3999639509733237 0.7388842972784451 0.024152847873107453 0.05161986154829113
0 0.4279019466474405 0.5624163984970779 0.03604902667627974 0.060023094823594234
0 0.4515140591204037 0.6533513871548232 0.0313626532083634 0.04021547353180818
0 0.46196827685652486 0.6950674380572212 0.02775775054073537 0.05642170913417849
0 0.60310021629416 0.7016699784878165 0.02595529920692141 0.04561755206593161
0 0.5457822638788752 0.5504117795323591 0.02883922134102379 0.040815704480044075
0 0.7909156452775774 0.26560219459440443 0.02667627974044695 0.053420554392998816
0 0.8822999279019466 0.2665025410167584 0.03280461427541459 0.05282032344476292
0 0.9489906272530642 0.364340185579217 0.03136265320836329 0.042016166376515965
0 0.8424657534246575 0.3769450354921718 0.038932948810382006 0.048018475858875385
0 0.7763157894736842 0.3109196311862181 0.03352559480894013 0.042016166376515965