2 0.9536114570361146 0.3321917808219178 0.09277708592777086 0.34442270058708413
2 0.9570361145703612 0.6457925636007827 0.0859277708592777 0.21428571428571427
2 0.7238480697384807 0.35812133072407043 0.32689912826899126 0.2651663405088063
2 0.4383561643835616 0.29354207436399216 0.22789539227895392 0.13209393346379647
2 0.44209215442092153 0.4297945205479452 0.2328767123287671 0.11986301369863013
2 0.4953300124533001 0.26125244618395305 0.11643835616438356 0.07632093933463796
0 0.2783312577833126 0.32803326810176126 0.08343711083437111 0.05332681017612524
0 0.19707347447073476 0.29231898238747556 0.06662515566625156 0.05724070450097847
2 0.2288293897882939 0.21966731898238748 0.15130759651307596 0.08806262230919765
2 0.07285180572851806 0.2218688845401174 0.14570361145703611 0.09050880626223091
2 0.7867372353673724 0.6592465753424658 0.20361145703611458 0.20401174168297456
2 0.787359900373599 0.7957436399217221 0.20485678704856788 0.06017612524461839
2 0.6176836861768369 0.651174168297456 0.11830635118306351 0.175146771037182
2 0.5012453300124533 0.7849804305283757 0.33748443337484435 0.07778864970645792
2 0.4414694894146949 0.6521526418786693 0.22415940224159403 0.16829745596868884
1 0.8960149439601495 0.35689823874755383 0.019925280199252802 0.059197651663405085
1 0.8960149439601495 0.449119373776908 0.0224159402241594 0.06262230919765166
1 0.9028642590286425 0.636986301369863 0.019925280199252802 0.06164383561643835
1 0.8953922789539228 0.7962328767123288 0.023661270236612703 0.04452054794520548
1 0.3175591531755915 0.7671232876712328 0.026151930261519303 0.046966731898238745
1 0.3175591531755915 0.6521526418786693 0.023661270236612703 0.07045009784735812
1 0.3125778331257783 0.4361545988258317 0.023661270236612703 0.034735812133072405
0 0.9311955168119551 0.29721135029354206 0.09028642590286426 0.05821917808219178
0 0.9296388542963886 0.6993639921722113 0.08468244084682441 0.055283757338551856
0 0.7636986301369864 0.7421722113502935 0.05417185554171856 0.050880626223091974
0 0.6998754669987547 0.7130626223091977 0.06973848069738481 0.05724070450097847
0 0.6011830635118306 0.7181996086105675 0.050435865504358655 0.05283757338551859
0 0.5261519302615193 0.7162426614481409 0.062266500622665005 0.050880626223091974
0 0.4396014943960149 0.7656555772994129 0.05603985056039851 0.03522504892367906
0 0.5112079701120797 0.324119373776908 0.06351183063511831 0.05626223091976516