2 0.04638854296388543 0.6678082191780822 0.09277708592777086 0.34442270058708413
2 0.04296388542963885 0.3542074363992172 0.0859277708592777 0.21428571428571427
2 0.2761519302615193 0.6418786692759295 0.32689912826899126 0.2651663405088063
2 0.5616438356164384 0.7064579256360078 0.22789539227895392 0.13209393346379647
2 0.5579078455790785 0.5702054794520548 0.2328767123287671 0.11986301369863013
2 0.5046699875466999 0.738747553816047 0.11643835616438356 0.07632093933463796
0 0.7216687422166874 0.6719667318982387 0.08343711083437111 0.05332681017612524
0 0.8029265255292652 0.7076810176125244 0.06662515566625156 0.05724070450097847
2 0.7711706102117061 0.7803326810176126 0.15130759651307596 0.08806262230919765
2 0.927148194271482 0.7781311154598826 0.14570361145703611 0.09050880626223091
2 0.21326276463262764 0.3407534246575342 0.20361145703611458 0.20401174168297456
2 0.21264009962640099 0.20425636007827788 0.20485678704856788 0.06017612524461839
2 0.3823163138231631 0.34882583170254405 0.11830635118306351 0.175146771037182
2 0.4987546699875467 0.21501956947162426 0.33748443337484435 0.07778864970645792
2 0.5585305105853051 0.3478473581213307 0.22415940224159403 0.16829745596868884
1 0.10398505603985056 0.6431017612524462 0.019925280199252802 0.059197651663405085
1 0.10398505603985056 0.550880626223092 0.0224159402241594 0.06262230919765166
1 0.09713574097135741 0.363013698630137 0.019925280199252802 0.06164383561643835
1 0.10460772104607721 0.20376712328767124 0.023661270236612703 0.04452054794520548
1 0.6824408468244084 0.2328767123287671 0.026151930261519303 0.046966731898238745
1 0.6824408468244084 0.3478473581213307 0.023661270236612703 0.07045009784735812
1 0.6874221668742216 0.5638454011741683 0.023661270236612703 0.034735812133072405
0 0.06880448318804483 0.7027886497064579 0.09028642590286426 0.05821917808219178
0 0.07036114570361146 0.30063600782778865 0.08468244084682441 0.055283757338551856
0 0.2363013698630137 0.25782778864970646 0.05417185554171856 0.050880626223091974
0 0.3001245330012453 0.28693737769080235 0.06973848069738481 0.05724070450097847
0 0.39881693648816935 0.28180039138943247 0.050435865504358655 0.05283757338551859
0 0.4738480697384807 0.2837573385518591 0.062266500622665005 0.050880626223091974
0 0.5603985056039851 0.23434442270058709 0.05603985056039851 0.03522504892367906
0 0.4887920298879203 0.675880626223092 0.06351183063511831 0.05626223091976516