2 0.5481651376146789 0.5142007926023778 0.8784403669724771 0.45508586525759576
2 0.43463302752293576 0.34247027741083225 0.25 0.1155878467635403
2 0.21043577981651376 0.34247027741083225 0.17775229357798164 0.11955085865257596
2 0.045871559633027525 0.4785336856010568 0.09174311926605505 0.13408190224570674
2 0.16399082568807338 0.46829590488771466 0.09403669724770643 0.11360634081902246
0 0.9822247706422018 0.5640686922060766 0.03555045871559633 0.059445178335535004
0 0.4426605504587156 0.42371202113606343 0.08944954128440367 0.056142668428005284
0 0.3423165137614679 0.345772787318362 0.09288990825688073 0.04425363276089828
0 0.2626146788990826 0.488441215323646 0.11697247706422019 0.058784676354029064
0 0.06995412844036697 0.47787318361955083 0.12155963302752294 0.06274768824306473
1 0.10493119266055045 0.3751651254953765 0.026376146788990827 0.03302509907529723
1 0.10263761467889908 0.5977542932628798 0.021788990825688075 0.0607661822985469
1 0.10263761467889908 0.6614927344782034 0.028669724770642203 0.029722589167767502
1 0.9873853211009175 0.6278071334214003 0.02522935779816514 0.06274768824306473
1 0.9868119266055045 0.6796565389696169 0.026376146788990827 0.02906208718626156
1 0.9902522935779816 0.40554821664464996 0.0194954128440367 0.0607661822985469
1 0.989105504587156 0.3487450462351387 0.021788990825688075 0.03830911492734478