2 0.4518348623853211 0.48579920739762217 0.8784403669724771 0.45508586525759576
2 0.5653669724770642 0.6575297225891678 0.25 0.1155878467635403
2 0.7895642201834863 0.6575297225891678 0.17775229357798164 0.11955085865257596
2 0.9541284403669725 0.5214663143989432 0.09174311926605505 0.13408190224570674
2 0.8360091743119266 0.5317040951122853 0.09403669724770643 0.11360634081902246
0 0.017775229357798166 0.43593130779392336 0.03555045871559633 0.059445178335535004
0 0.5573394495412844 0.5762879788639366 0.08944954128440367 0.056142668428005284
0 0.6576834862385321 0.6542272126816381 0.09288990825688073 0.04425363276089828
0 0.7373853211009175 0.5115587846763541 0.11697247706422019 0.058784676354029064
0 0.930045871559633 0.5221268163804491 0.12155963302752294 0.06274768824306473
1 0.8950688073394495 0.6248348745046235 0.026376146788990827 0.03302509907529723
1 0.8973623853211009 0.40224570673712023 0.021788990825688075 0.0607661822985469
1 0.8973623853211009 0.33850726552179655 0.028669724770642203 0.029722589167767502
1 0.01261467889908257 0.37219286657859973 0.02522935779816514 0.06274768824306473
1 0.013188073394495414 0.3203434610303831 0.026376146788990827 0.02906208718626156
1 0.00974770642201835 0.5944517833553501 0.0194954128440367 0.0607661822985469
1 0.010894495412844037 0.6512549537648613 0.021788990825688075 0.03830911492734478