2 0.5803629293583927 0.16296561604584528 0.6208684381075826 0.12464183381088825
2 0.7699287103046014 0.3502865329512894 0.2235904082955282 0.17979942693409742
2 0.7673363577446533 0.53689111747851 0.2287751134154245 0.17335243553008595
2 0.7683084899546339 0.75 0.220349967595593 0.24140401146131804
2 0.6007777057679844 0.7901146131805158 0.09397278029812055 0.1683381088825215
2 0.4931950745301361 0.789756446991404 0.11341542449773169 0.166189111747851
2 0.39792611795204147 0.5712750716332379 0.5035644847699287 0.6088825214899714
2 0.31270252754374595 0.6640401146131805 0.08165910563836681 0.11389684813753581
0 0.6766040181464679 0.670487106017192 0.06804925469863901 0.0680515759312321
0 0.14970836033700582 0.8402578796561605 0.15359688917692807 0.08810888252148998
0 0.3292287751134154 0.751432664756447 0.056383668178872325 0.0666189111747851
0 0.4031108230719378 0.7893982808022922 0.06286454957874271 0.06948424068767908
0 0.518146467919637 0.789756446991404 0.06740116655865197 0.07020057306590258
1 0.8959818535320804 0.34097421203438394 0.031108230719377836 0.0508595988538682
1 0.8937135450421257 0.5551575931232091 0.026571613739468567 0.08524355300859598
1 0.8933895009721322 0.7378223495702005 0.023331173039533377 0.11246418338108882
1 0.7948801036941024 0.24068767908309455 0.08425145819831498 0.03796561604584527
1 0.5926766040181465 0.2453438395415473 0.09332469215813351 0.03581661891117478
1 0.37880751782242383 0.2439111747851003 0.09591704471808166 0.0329512893982808
0 0.4860661049902787 0.21060171919770773 0.07712248865845756 0.10959885386819485