2 0.5998552613153261 0.30991873255557756 0.1845227341898031 0.48462981831949703
2 0.7743699828033095 0.6790926235695474 0.29586187549754867 0.31643476372625995
2 0.8606890923565055 0.7646155326847527 0.12197265480342927 0.14294543380684333
2 0.7524774550180786 0.8006573300975893 0.08819561193478737 0.07330535067017596
2 0.6869562468608518 0.7990283223049187 0.04097030199807489 0.07819237404818778
2 0.6461423200612428 0.8000464521753379 0.034402543662505725 0.07615611430734943
2 0.5663909688436161 0.7640046547625012 0.12197265480342927 0.14823970913302273
2 0.564358091263559 0.6169867014739816 0.11477939567399627 0.12136108055395803
2 0.6608415887170407 0.13357863899898745 0.06567758335569254 0.129506119517311
2 0.660216087923177 0.23987139747074268 0.05942257541705518 0.07737787015185246
2 0.6566194583584605 0.3131767481409187 0.06974333851580686 0.056200768847134965
2 0.660216087923177 0.4351487066171283 0.06567758335569254 0.17552558966025475
2 0.6800757381283508 0.48809145987892205 0.027209284533072732 0.05335000520996139
2 0.4134560247439318 0.6397928105713696 0.1050841333691082 0.2256175792848751
2 0.2656814621936233 0.6367384209601124 0.18921399014378115 0.22113780785503098
2 0.24066143043907373 0.7416057976132808 0.14292693139786447 0.19303742343146363
2 0.292890746726696 0.784978130093135 0.03221329088398256 0.10629275847175522
2 0.1085243877353588 0.7418094235873647 0.11384114448320058 0.19751719486130767
2 0.10883713813229068 0.5799267741907259 0.11133914130774564 0.11565955327961103
0 0.4122050231562043 0.7912905352897335 0.08506810796546857 0.07493435846284648
0 0.3382395542818171 0.77459320541486 0.03283879167784627 0.035838171438752724
0 0.3308899199539182 0.784978130093135 0.0375300476318244 0.03950343897226159
0 0.2647432110028277 0.7798874807410393 0.02720928453307262 0.029322140268070385
0 0.15574969767207114 0.7334607586499279 0.03377704286864195 0.04072519481676455
0 0.19671999967014606 0.7222613300753178 0.022518028579094598 0.03543091949058517
0 0.18108247982355255 0.6076199066661258 0.031275039693186985 0.033394659749746806
0 0.13604642266536332 0.6530284988868181 0.02627103334227705 0.04276145455760262
0 0.3545025749222743 0.5966241040655993 0.030336788502391413 0.017919085719376362
0 0.3518441965483534 0.6237063586187477 0.039406550013415545 0.032172903905243855
0 0.2888249915665817 0.7648191586588367 0.017826772625116574 0.021991605201052932
0 0.3019605082377202 0.7625792729439145 0.02157977738829897 0.028100384423567427
0 0.7113507778215377 0.10120210911965968 0.03534079485330135 0.04601947014294385
0 0.6159619067573174 0.09529695587122884 0.030336788502391413 0.03420916364608214
0 0.6179947843373745 0.22745021305162952 0.02814753572386836 0.03135840000890867
0 0.6708496014188606 0.2107528831767561 0.020016025403639743 0.03135840000890867
0 0.6697549750295989 0.2702116676092322 0.019077774212844116 0.0354309194905851
0 0.6977461355550013 0.3046244572293981 0.05129106509682656 0.03746717923142331
0 0.6597469623277792 0.49338573520510143 0.02157977738829897 0.024027864941891002
0 0.7879746250698457 0.5251513871621777 0.039093799616483633 0.08755916885604359
0 0.6502080752213572 0.5389979533998777 0.03127503969318704 0.03868893507592619
0 0.6405128129164692 0.6133214339404728 0.03127503969318704 0.03013664416440564
0 0.5920365013920293 0.6621916677205901 0.028773036517731963 0.026064124682729287
0 0.5846868670641304 0.7171706807232222 0.029085786914663986 0.05457176105446434
0 0.6428584408934582 0.744863813198622 0.03283879167784627 0.04072519481676455
0 0.6133035283833965 0.7851817560672187 0.03127503969318704 0.029322140268070385
0 0.6588087111369836 0.7912905352897335 0.02971128770852759 0.029322140268070385
0 0.6772609845559638 0.7475109508617117 0.026583783739208906 0.03135840000890874
0 0.7502882022395554 0.7489363326802985 0.026271033342277105 0.030136644164405785
0 0.7868799986805842 0.7401804157946942 0.028773036517731963 0.04194695066126751
0 0.6372289337486846 0.8597088625818978 0.02157977738829897 0.044797714298440976
1 0.9248029237275388 0.5789086443203068 0.006255007938637364 0.06149504417331438
1 0.8412985677467295 0.8389390132253478 0.05754607303546393 0.017919085719376508
1 0.5795264855147546 0.8440296625774434 0.055044069860009065 0.013439314289532236
1 0.5033717638618443 0.6196338391370713 0.013448267068070355 0.07208359482567307
1 0.5049355158465036 0.47505939753755744 0.010320763098751672 0.06475305975865556
1 0.1268202859558732 0.8405680210180185 0.052854817081486 0.014661070134035193
1 0.23675205047742537 0.8434187846551919 0.04816356112750796 0.014661070134035193