2 0.5999022960429897 0.3097964376590331 0.18466047874938935 0.4847328244274809
2 0.7743038593063019 0.6790712468193384 0.2960429897410845 0.31615776081424934
2 0.8607718612603811 0.7646310432569975 0.12212994626282364 0.1431297709923664
2 0.7525647288715193 0.8005725190839694 0.08842208109428432 0.07315521628498728
2 0.6868588177821202 0.7989821882951654 0.04103566194430874 0.07824427480916031
2 0.6460674157303371 0.7999363867684478 0.03419638495359062 0.07633587786259542
2 0.5664386907669761 0.7639949109414759 0.12212994626282364 0.14821882951653945
2 0.5642403517342452 0.6170483460559797 0.11480214948705422 0.12150127226463105
2 0.6607230092818759 0.13358778625954199 0.06546165119687347 0.1297709923664122
2 0.6602344894968246 0.23982188295165394 0.05959941377625794 0.07760814249363868
2 0.6565705911089399 0.31329516539440205 0.06985832926233512 0.05597964376590331
2 0.6602344894968246 0.4351145038167939 0.06546165119687347 0.17557251908396945
2 0.680019540791402 0.48823155216284986 0.027357107962872496 0.05343511450381679
2 0.41353199804592083 0.6399491094147582 0.10503175378602833 0.22582697201017812
2 0.26575476306790424 0.6367684478371501 0.189057156814851 0.22137404580152673
2 0.2405959941377626 0.7417302798982188 0.1431362970200293 0.19274809160305342
2 0.2928676111382511 0.7849872773536896 0.03224230581338544 0.10623409669211197
2 0.1084513922813874 0.7417302798982188 0.11382510991695163 0.19720101781170485
2 0.10893991206643869 0.5798346055979644 0.11138251099169516 0.11577608142493638
0 0.4123106985832926 0.7913486005089059 0.08500244259892525 0.07506361323155217
0 0.33829995114802147 0.7744910941475827 0.032730825598436736 0.035623409669211195
0 0.3309721543722521 0.7849872773536896 0.03761602344894968 0.039440203562340966
0 0.26477772349780165 0.7798982188295165 0.027357107962872496 0.029262086513994912
0 0.15583781143136297 0.7334605597964376 0.033707865168539325 0.04071246819338423
0 0.19662921348314608 0.7223282442748091 0.02247191011235955 0.035623409669211195
0 0.18099658036150465 0.6075063613231552 0.03126526624328285 0.03307888040712468
0 0.13605276013678555 0.6529898218829516 0.026380068392769906 0.04262086513994911
0 0.3544211040547142 0.5966921119592875 0.030288226673180263 0.017811704834605598
0 0.3517342452369321 0.6237277353689568 0.03957010258915486 0.03244274809160305
0 0.2887151929653151 0.7649491094147582 0.017586712261846604 0.022264631043257
0 0.30190522716170004 0.7627226463104325 0.02149487054225696 0.027989821882951654
0 0.7112848070346849 0.10114503816793893 0.03517342452369321 0.04580152671755725
0 0.6160234489496824 0.09541984732824428 0.030288226673180263 0.03435114503816794
0 0.6179775280898876 0.2274173027989822 0.028334147532975085 0.031170483460559797
0 0.6707376648754274 0.21087786259541985 0.020029311187103077 0.031170483460559797
0 0.6697606253053249 0.2703562340966921 0.019052271617000488 0.035623409669211195
0 0.6978505129457743 0.30470737913486007 0.05129457743038593 0.037531806615776084
0 0.6597459697117734 0.4933206106870229 0.02149487054225696 0.024173027989821884
0 0.7879824132877381 0.5251272264631043 0.039081582804103565 0.08778625954198473
0 0.6502198339032731 0.5391221374045801 0.03126526624328285 0.03880407124681934
0 0.6404494382022472 0.6132315521628499 0.03126526624328285 0.02989821882951654
0 0.592085979482169 0.6622137404580153 0.02882266731802638 0.02608142493638677
0 0.5847581827063996 0.7172391857506362 0.029311187103077674 0.054707379134860054
0 0.6428920371275036 0.7449109414758269 0.032730825598436736 0.04071246819338423
0 0.6133365901319003 0.7853053435114504 0.03126526624328285 0.029262086513994912
0 0.6587689301416707 0.7913486005089059 0.02979970688812897 0.029262086513994912
0 0.67733268197362 0.7474554707379135 0.026380068392769906 0.031170483460559797
0 0.7503663898387885 0.7490458015267175 0.026380068392769906 0.02989821882951654
0 0.7867611138251099 0.7401399491094147 0.02882266731802638 0.04198473282442748
0 0.6372740595994137 0.8597328244274809 0.02149487054225696 0.044529262086514
1 0.9247679531021006 0.5788804071246819 0.006350757205666829 0.06170483460559797
1 0.8412310698583293 0.839058524173028 0.05764533463605276 0.017811704834605598
1 0.579628724963361 0.844147582697201 0.055202735710796286 0.013358778625954198
1 0.5034196384953591 0.6195928753180662 0.013678553981436248 0.07188295165394402
1 0.504885197850513 0.4751908396946565 0.010258915486077186 0.0648854961832061
1 0.12677088422081095 0.8406488549618321 0.05276013678553981 0.014631043256997456
1 0.23668783585735223 0.8435114503816794 0.04836345872007816 0.014631043256997456