2 0.2701765447667087 0.8207676490747087 0.21185372005044137 0.20562028786840303
2 0.4208701134930643 0.8221384509938314 0.07313997477931904 0.20562028786840303
2 0.5176544766708702 0.8221384509938314 0.09773013871374527 0.20150788211103496
2 0.7074401008827238 0.819396847155586 0.26796973518284994 0.2069910897875257
2 0.630201765447667 0.6031528444139822 0.2484237074401009 0.20630568882796435
2 0.4593316519546028 0.38930774503084303 0.5901639344262295 0.6381082933516107
2 0.6872635561160151 0.45065113091158326 0.1343001261034048 0.07402330363262509
2 0.6686633039092056 0.34886908841672376 0.09583858764186633 0.11720356408498972
2 0.7723833543505675 0.3437285812200137 0.07881462799495587 0.11103495544893763
2 0.2730138713745271 0.29609321453050036 0.22257250945775536 0.21727210418094586
2 0.21626733921815888 0.13845099383139137 0.11412358133669609 0.13091158327621658
2 0.36380832282471626 0.1802604523646333 0.17969735182849936 0.22001370801919123
2 0.4952711223203026 0.2299520219328307 0.06557377049180328 0.1041809458533242
0 0.1346153846153846 0.36120630568882794 0.07061790668348046 0.06922549691569568
0 0.3587641866330391 0.37731322823851954 0.06998738965952081 0.06442769019876628
0 0.292875157629256 0.16792323509252913 0.04665825977301387 0.05277587388622344
0 0.37673392181588905 0.21864290610006853 0.058007566204287514 0.06648389307745031
0 0.4233921815889029 0.3050034270047978 0.05170239596469105 0.06648389307745031
0 0.507250945775536 0.30191912268677173 0.04918032786885246 0.06442769019876628
0 0.31431273644388397 0.7381768334475668 0.06305170239596469 0.0884167237834133
0 0.36065573770491804 0.7779300891021247 0.058638083228247165 0.06100068540095956
0 0.5948928121059268 0.7960932145305003 0.06305170239596469 0.06442769019876628
0 0.7909836065573771 0.6929403701165182 0.05548549810844893 0.06648389307745031
0 0.5756620428751577 0.5202193283070596 0.06242118537200504 0.07333790267306374
0 0.594577553593947 0.44139821795750517 0.05989911727616646 0.0568882796435915
0 0.6387137452711223 0.3269362577107608 0.06998738965952081 0.06922549691569568
0 0.7531525851197982 0.3255654557916381 0.06809583858764187 0.06648389307745031
1 0.7591424968474149 0.18128855380397532 0.014501891551071878 0.13296778615490062
1 0.7616645649432535 0.44756682659355723 0.014501891551071878 0.06100068540095956
1 0.7610340479192939 0.5873886223440713 0.01828499369482976 0.13502398903358465
1 0.5728247162673392 0.8708019191226868 0.01639344262295082 0.0726525017135024
1 0.16046658259773014 0.7947224126113777 0.017654476670870115 0.12885538039753255
1 0.15668348045397226 0.5705962988348183 0.011349306431273645 0.23303632625085674
1 0.15762925598991173 0.2858122001370802 0.015762925598991173 0.07470870459218643
1 0.15889029003783103 0.13125428375599726 0.014501891551071878 0.05620287868403016