1 0.210693359375 0.4983723958333333 0.12841796875 0.6673177083333334
1 0.408447265625 0.7464192708333334 0.248046875 0.16536458333333334
1 0.534912109375 0.7747395833333334 0.11962890625 0.10872395833333333
1 0.692626953125 0.7454427083333334 0.181640625 0.15885416666666666
1 0.763671875 0.4127604166666667 0.0498046875 0.4856770833333333
1 0.666015625 0.5647786458333334 0.13134765625 0.19140625
1 0.710693359375 0.4127604166666667 0.03759765625 0.08919270833333333
1 0.482666015625 0.541015625 0.39501953125 0.3470052083333333
1 0.630859375 0.2652994791666667 0.20166015625 0.18033854166666666
1 0.473388671875 0.3434244791666667 0.09326171875 0.10546875
1 0.472900390625 0.22591145833333334 0.09423828125 0.10546875
1 0.35009765625 0.2858072916666667 0.1279296875 0.22135416666666666
1 0.18212890625 0.24869791666666666 0.0615234375 0.14518229166666666
0 0.22998046875 0.2666015625 0.03759765625 0.047526041666666664
0 0.2822265625 0.2867838541666667 0.07080078125 0.053385416666666664
0 0.36328125 0.4169921875 0.06591796875 0.054036458333333336
0 0.4091796875 0.3450520833333333 0.03955078125 0.044921875
0 0.44189453125 0.2965494791666667 0.03662109375 0.043619791666666664
0 0.54345703125 0.3056640625 0.04052734375 0.045572916666666664
0 0.668212890625 0.3893229166666667 0.0419921875 0.046223958333333336
0 0.751708984375 0.3919270833333333 0.048828125 0.05859375
0 0.586181640625 0.6038411458333334 0.04248046875 0.054036458333333336
0 0.517822265625 0.6845703125 0.0419921875 0.052083333333333336
0 0.551513671875 0.7314453125 0.0302734375 0.045572916666666664
0 0.584228515625 0.6891276041666666 0.03955078125 0.044921875
1 0.787109375 0.7486979166666666 0.0078125 0.09635416666666667
1 0.281494140625 0.7265625 0.00732421875 0.083984375
1 0.283203125 0.595703125 0.0087890625 0.06966145833333333
1 0.283447265625 0.5185546875 0.0078125 0.07096354166666667
1 0.281494140625 0.4417317708333333 0.0087890625 0.07096354166666667
1 0.28271484375 0.3564453125 0.0126953125 0.08203125
1 0.735107421875 0.2568359375 0.0068359375 0.087890625
1 0.73486328125 0.5319010416666666 0.0107421875 0.08723958333333333