1 0.5011441647597255 0.11416221713704551 0.500381388253242 0.17137045512331558
1 0.31521739130434784 0.37808288838037124 0.12395118230358504 0.3310450038138826
1 0.2940503432494279 0.5466564963132469 0.08161708619374519 0.15967454869056708
1 0.31598016781083144 0.7566742944317316 0.11937452326468345 0.24205441139079586
1 0.5654080854309688 0.8515128400711925 0.36422578184591914 0.06661581489956792
1 0.4513729977116705 0.7213323162979913 0.14378337147215864 0.17543859649122803
1 0.5654080854309688 0.7810831426392068 0.06674294431731509 0.04983473175692854
1 0.4692982456140351 0.4769895753877447 0.26048817696414955 0.5268243071446732
1 0.6760106788710908 0.6745486905669972 0.13539282990083912 0.2690058479532163
1 0.6174675819984745 0.4645308924485126 0.0793287566742944 0.12458682939232135
1 0.7055682684973303 0.46402237477752356 0.0793287566742944 0.1256038647342995
1 0.6607551487414188 0.30002542588354947 0.16590389016018303 0.17086193745232645
1 0.6884057971014493 0.0760233918128655 0.10907704042715483 0.08187134502923978
0 0.6750572082379863 0.1398423595219934 0.03585049580472921 0.049834731756928576
0 0.6599923722349352 0.2097635392829901 0.040045766590389054 0.09407576913297737
0 0.5621662852784135 0.3175692855326723 0.0404271548436308 0.08797355708110859
0 0.6163234172387491 0.37884566488685484 0.033562166285278305 0.05288583778286293
0 0.6525553012967201 0.4225781845919146 0.03279938977879482 0.04881769641495041
0 0.6456903127383677 0.5578438850750064 0.034324942791762014 0.053902873124841065
0 0.5829519450800915 0.7241291634884313 0.03470633104500376 0.055936943808797324
0 0.5810450038138826 0.8354945334350369 0.04385964912280693 0.06509026188660065
0 0.4221967963386728 0.6150521230612764 0.0404271548436308 0.05644546147978646
0 0.36155606407322655 0.5237732011187389 0.0389016018306636 0.055936943808797324
0 0.32646834477498093 0.5687770150012713 0.034324942791762014 0.04017289600813623
0 0.35812356979405036 0.6122552758708365 0.033562166285278416 0.05288583778286293
1 0.3135011441647597 0.8827866768370201 0.07246376811594202 0.010170353419781305
1 0.33009153318077805 0.20874650394101193 0.06292906178489699 0.009661835748792239
1 0.4281083142639207 0.21078057462496824 0.05225019069412662 0.011695906432748574
1 0.4860793287566743 0.2112890922959573 0.05301296720061022 0.01067887109077037
1 0.5436689549961862 0.20874650394101193 0.05301296720061033 0.011695906432748574
1 0.6077421815408086 0.2102720569539792 0.06140350877192979 0.016781083142639226
1 0.6824942791762014 0.813628273582507 0.06598016781083138 0.009153318077803322
1 0.4759725400457666 0.8131197559115179 0.06559877955758964 0.014238494787693826