1 0.789306640625 0.5016276041666666 0.12841796875 0.6673177083333334
1 0.591552734375 0.2535807291666667 0.248046875 0.16536458333333334
1 0.465087890625 0.22526041666666666 0.11962890625 0.10872395833333333
1 0.307373046875 0.2545572916666667 0.181640625 0.15885416666666666
1 0.236328125 0.5872395833333334 0.0498046875 0.4856770833333333
1 0.333984375 0.4352213541666667 0.13134765625 0.19140625
1 0.289306640625 0.5872395833333334 0.03759765625 0.08919270833333333
1 0.517333984375 0.458984375 0.39501953125 0.3470052083333333
1 0.369140625 0.7347005208333334 0.20166015625 0.18033854166666666
1 0.526611328125 0.6565755208333334 0.09326171875 0.10546875
1 0.527099609375 0.7740885416666666 0.09423828125 0.10546875
1 0.64990234375 0.7141927083333334 0.1279296875 0.22135416666666666
1 0.81787109375 0.7513020833333334 0.0615234375 0.14518229166666666
0 0.77001953125 0.7333984375 0.03759765625 0.047526041666666664
0 0.7177734375 0.7132161458333334 0.07080078125 0.053385416666666664
0 0.63671875 0.5830078125 0.06591796875 0.054036458333333336
0 0.5908203125 0.6549479166666666 0.03955078125 0.044921875
0 0.55810546875 0.7034505208333334 0.03662109375 0.043619791666666664
0 0.45654296875 0.6943359375 0.04052734375 0.045572916666666664
0 0.331787109375 0.6106770833333334 0.0419921875 0.046223958333333336
0 0.248291015625 0.6080729166666666 0.048828125 0.05859375
0 0.413818359375 0.3961588541666667 0.04248046875 0.054036458333333336
0 0.482177734375 0.3154296875 0.0419921875 0.052083333333333336
0 0.448486328125 0.2685546875 0.0302734375 0.045572916666666664
0 0.415771484375 0.3108723958333333 0.03955078125 0.044921875
1 0.212890625 0.2513020833333333 0.0078125 0.09635416666666667
1 0.718505859375 0.2734375 0.00732421875 0.083984375
1 0.716796875 0.404296875 0.0087890625 0.06966145833333333
1 0.716552734375 0.4814453125 0.0078125 0.07096354166666667
1 0.718505859375 0.5582682291666666 0.0087890625 0.07096354166666667
1 0.71728515625 0.6435546875 0.0126953125 0.08203125
1 0.264892578125 0.7431640625 0.0068359375 0.087890625
1 0.26513671875 0.4680989583333333 0.0107421875 0.08723958333333333