2 0.5961727183513248 0.5839311334289814 0.4308145240431796 0.8321377331420373
2 0.32041216879293427 0.6994261119081779 0.27968596663395484 0.5609756097560976
2 0.27379784102060845 0.2855093256814921 0.1903827281648675 0.2266857962697274
2 0.34838076545632973 0.07532281205164992 0.22767419038272815 0.15064562410329985
2 0.6408243375858685 0.07675753228120516 0.3395485770363101 0.15351506456241032
1 0.3120706575073602 0.9885222381635581 0.26692836113837093 0.02295552367288379
0 0.42443572129538765 0.4598278335724534 0.07556427870461237 0.12769010043041606
0 0.41167811579980373 0.2926829268292683 0.09126594700686948 0.0975609756097561
0 0.4200196270853778 0.10903873744619799 0.0745829244357213 0.1291248206599713
0 0.5740922473012757 0.10473457675753228 0.0745829244357213 0.13773314203730272
0 0.7919528949950932 0.2539454806312769 0.10009813542688911 0.11477761836441894