2 0.6376953125 0.21512539184952978 0.25537109375 0.39733542319749215
2 0.49365234375 0.07915360501567398 0.07080078125 0.13244514106583072
2 0.505615234375 0.33189655172413796 0.0927734375 0.15282131661442006
2 0.58056640625 0.3683385579937304 0.05615234375 0.09404388714733543
2 0.482666015625 0.19984326018808776 0.05712890625 0.09639498432601881
2 0.432861328125 0.09404388714733543 0.03173828125 0.11912225705329153
2 0.364990234375 0.07719435736677116 0.10107421875 0.15438871473354232
2 0.667236328125 0.6853448275862069 0.16455078125 0.12617554858934169
2 0.71630859375 0.8691222570532915 0.09521484375 0.20141065830721003
2 0.609130859375 0.7966300940438872 0.09814453125 0.09169278996865204
2 0.606201171875 0.9228056426332288 0.11865234375 0.15438871473354232
2 0.53076171875 0.877742946708464 0.1552734375 0.2445141065830721
2 0.401123046875 0.7562695924764891 0.12255859375 0.48746081504702193
1 0.77099609375 0.16065830721003135 0.013671875 0.04310344827586207
1 0.769287109375 0.21826018808777428 0.01708984375 0.04075235109717868
1 0.7265625 0.008228840125391849 0.0439453125 0.016457680250783698
1 0.64990234375 0.009404388714733543 0.0546875 0.018808777429467086
1 0.711669921875 0.42554858934169276 0.05712890625 0.028996865203761754
1 0.639892578125 0.4196708463949843 0.01806640625 0.023510971786833857
1 0.56591796875 0.4231974921630094 0.02001953125 0.018808777429467086
1 0.5263671875 0.4251567398119122 0.0263671875 0.0274294670846395
1 0.4892578125 0.42476489028213166 0.01513671875 0.030564263322884012
1 0.45166015625 0.2946708463949843 0.01806640625 0.0438871473354232
1 0.446533203125 0.9220219435736677 0.0166015625 0.054075235109717866
1 0.769287109375 0.920846394984326 0.01318359375 0.047021943573667714
1 0.723876953125 0.7594043887147336 0.0302734375 0.01567398119122257
1 0.678466796875 0.9486677115987461 0.03271484375 0.041536050156739814
1 0.68115234375 0.9878526645768025 0.0283203125 0.024294670846394983
1 0.646484375 0.8279780564263323 0.021484375 0.04780564263322884
1 0.593994140625 0.9902037617554859 0.03173828125 0.019592476489028215
1 0.53662109375 0.9827586206896551 0.0302734375 0.034482758620689655
1 0.53662109375 0.9361285266457681 0.03466796875 0.05172413793103448
1 0.716064453125 0.2547021943573668 0.05126953125 0.05172413793103448
1 0.576171875 0.29545454545454547 0.029296875 0.048589341692789965
1 0.5361328125 0.23119122257053293 0.02978515625 0.04780564263322884
1 0.4990234375 0.22100313479623823 0.03515625 0.04780564263322884
1 0.493408203125 0.1677115987460815 0.02001953125 0.04467084639498432
1 0.438232421875 0.22609717868338558 0.02880859375 0.045454545454545456
1 0.427001953125 0.17633228840125392 0.03173828125 0.0603448275862069
1 0.487548828125 0.009404388714733543 0.03173828125 0.018808777429467086
1 0.506591796875 0.335423197492163 0.0341796875 0.061128526645768025