2 0.3224391624221845 0.27908379503719355 0.24759479343520094 0.4101101170359411
2 0.23783248443689872 0.5102532851493685 0.08234295415959253 0.11399517095904904
2 0.3951612903225807 0.49095131397104347 0.09535936615732876 0.14896580109389662
2 0.418081494057725 0.37059784662384043 0.058573853989813296 0.0899244774896083
2 0.31295981890209396 0.5277386002167923 0.059988681380871545 0.09174113360050949
2 0.15435766836445955 0.2257195217794714 0.05857385398981324 0.254331855526165
2 0.13426711941143182 0.6124401913875599 0.14346349745331066 0.049503879022057135
2 0.24717034521788342 0.6076714690964442 0.07441992076966614 0.05086637110523294
2 0.17345783814374646 0.7162166717227897 0.2229767968307867 0.1625907219256554
2 0.6155913978494624 0.23162365413990027 0.07838143746462922 0.26432346413612146
2 0.7300509337860781 0.15282619532956165 0.1256366723259763 0.1530532773434243
2 0.8596491228070176 0.15328035935728695 0.12167515563101294 0.15214494928797373
2 0.6847764572722128 0.32495436183744836 0.057159026598754936 0.1575949176206773
2 0.7838143746462932 0.3292689201008386 0.13695529145444252 0.19074889164462372
2 0.8886530843237126 0.2770400569124298 0.06366723259762308 0.09537444582231189
2 0.8562535370684777 0.37468532287336814 0.060554612337294866 0.09174113360050953
2 0.7893322014714206 0.45030363348962965 0.2600452744765138 0.2493360512211867
2 0.6761460101867572 0.6583107581878146 0.3364459535936615 0.19665302400505255
1 0.28848330503678554 0.06517253797857978 0.026881720430107503 0.022254037358539445
1 0.32441992076966614 0.06789752214493155 0.025183927560837538 0.027704005691242966
1 0.19142614601018676 0.1357950442898631 0.014431239388794592 0.07084958832514596
1 0.19185059422750425 0.2595547418450059 0.016411997736276163 0.08765365735098189
1 0.4537351443123939 0.160319901787029 0.017826825127334467 0.0917411336005095
1 0.45005659309564233 0.2754504828153912 0.014431239388794537 0.028612333746693565
1 0.4521788341822298 0.39421437606555576 0.011884550084889645 0.03179148194077066
1 0.45345217883418226 0.45757025793323436 0.017260894170911145 0.04223725457845235
1 0.45302773061686474 0.5172928275791105 0.019241652518392716 0.024524857497165962
1 0.3720996038483305 0.5774695612527122 0.02716468590831922 0.028612333746693565
1 0.1196943972835314 0.7993286887965186 0.013016411997736274 0.011808264720857593
1 0.7630164119977363 0.5858715957656301 0.03367289190718736 0.02634151360806716
1 0.8268251273344652 0.5885965799319819 0.03338992642897565 0.02543318555261656
1 0.9268534238822864 0.5166115815375226 0.013865308432371215 0.04859555096660654
1 0.9265704584040747 0.2815816971896827 0.010469722693831285 0.032699809996221255
1 0.9281267685342389 0.13874711047007754 0.016411997736276218 0.0422372545784524
1 0.8258347481607244 0.06994126026969538 0.03310696095076393 0.019074889164462375
1 0.7623089983022072 0.06789752214493155 0.029428409734012506 0.02134570930308885
1 0.6617147707979627 0.1405637665809787 0.009903791737408074 0.04859555096660654
1 0.7794284097340125 0.21345709303088847 0.02574985851726086 0.05268302721613421
1 0.8094227504244482 0.20891545275363554 0.02518392756083765 0.045416402772529445
1 0.7044425580079231 0.26477762816384676 0.029711375212224 0.03451646610712236
1 0.8157894736842106 0.34879797329302625 0.032258064516129004 0.05086637110523303
1 0.8044708545557442 0.44076618890739844 0.028296547821165863 0.04859555096660654
1 0.7716468590831919 0.44122035293512374 0.032258064516129004 0.05586217541021132
1 0.3471986417657046 0.15328035935728693 0.032258064516129004 0.08220368901827835
1 0.17529711375212226 0.18984056358917317 0.02971137521222411 0.028158169718968267
1 0.37252405206564804 0.37786447106744514 0.030277306168647433 0.047233058883430684
1 0.3326259196378042 0.44212868099057434 0.02971137521222411 0.047687222911155944
1 0.32611771363893605 0.5013970866087253 0.02971137521222411 0.056316339437936534
1 0.2928692699490662 0.5104803671632312 0.02773061686474254 0.03179148194077057
1 0.3293718166383701 0.5990423525696636 0.028296547821165863 0.04632473082798013
1 0.29838709677419356 0.6172089136786755 0.037634408602150504 0.05086637110523294
1 0.10101867572156198 0.6187984877757139 0.028296547821165807 0.05586217541021132
1 0.1045557441992077 0.5590759181298377 0.030277306168647433 0.06539961999244251
1 0.18024900962082627 0.5200178117454624 0.040747028862478774 0.05086637110523294
1 0.3974250141482739 0.489361739874005 0.038200339558573826 0.05495384735476072