1 0.545929018789144 0.33294117647058824 0.6826722338204593 0.6658823529411765
1 0.774008350730689 0.4176470588235294 0.23068893528183715 0.18352941176470589
1 0.511482254697286 0.41705882352941176 0.2150313152400835 0.18705882352941178
1 0.5835073068893528 0.7588235294117647 0.615866388308977 0.47058823529411764
0 0.22755741127348644 0.5141176470588236 0.2797494780793319 0.1411764705882353
0 0.36325678496868474 0.37058823529411766 0.09603340292275574 0.09176470588235294
0 0.7719206680584552 0.27941176470588236 0.09916492693110647 0.1188235294117647
0 0.7724425887265136 0.5635294117647058 0.09812108559498957 0.1223529411764706
0 0.43684759916492694 0.591764705882353 0.11795407098121086 0.11529411764705882
1 0.8956158663883089 0.1511764705882353 0.027139874739039668 0.3023529411764706
1 0.901356993736952 0.45647058823529413 0.021920668058455117 0.10352941176470588
1 0.8956158663883089 0.7641176470588236 0.020876826722338204 0.45529411764705885