2 0.8050947867298578 0.2669826224328594 0.08649289099526067 0.2764612954186414
2 0.7174170616113744 0.5292259083728278 0.254739336492891 0.21642969984202212
2 0.7180094786729858 0.759083728278041 0.254739336492891 0.2132701421800948
2 0.5835308056872038 0.42614533965244866 0.33886255924170616 0.5947867298578199
2 0.37648104265402843 0.2598736176935229 0.25770142180094785 0.2685624012638231
2 0.3610781990521327 0.453001579778831 0.09419431279620853 0.08925750394944708
2 0.3590047393364929 0.5679304897314376 0.09004739336492891 0.10268562401263823
2 0.36255924170616116 0.7492101105845181 0.0947867298578199 0.24091627172195892
2 0.4603080568720379 0.8029225908372828 0.09004739336492891 0.13665086887835703
2 0.5479857819905213 0.80173775671406 0.06753554502369669 0.1358609794628752
1 0.24259478672985782 0.2705371248025277 0.013625592417061612 0.14454976303317535
1 0.30983412322274884 0.5679304897314376 0.014218009478672985 0.0947867298578199
1 0.307760663507109 0.731437598736177 0.01481042654028436 0.0947867298578199
1 0.8501184834123223 0.5268562401263823 0.014218009478672985 0.11216429699842022
1 0.8480450236966824 0.7484202211690363 0.010071090047393365 0.12243285939968404
1 0.7565165876777251 0.20695102685624012 0.018957345971563982 0.14375987361769352
0 0.7704383886255924 0.35268562401263825 0.06220379146919431 0.07819905213270142
0 0.6027843601895735 0.6883886255924171 0.05154028436018957 0.05924170616113744
0 0.6030805687203792 0.6109794628751974 0.054502369668246446 0.0703001579778831
0 0.4357227488151659 0.3795418641390205 0.050355450236966824 0.0750394944707741
0 0.4253554502369668 0.5493680884676145 0.06279620853080568 0.05766192733017378
0 0.38981042654028436 0.4628751974723539 0.052132701421800945 0.061611374407582936
0 0.2911729857819905 0.4636650868878357 0.046800947867298576 0.05845181674565561
0 0.4235781990521327 0.6864139020537124 0.05687203791469194 0.061611374407582936
0 0.5364336492890995 0.7101105845181674 0.04917061611374408 0.08214849921011058
0 0.39010663507109006 0.7657977883096366 0.05154028436018957 0.07187993680884676