2 0.19490521327014218 0.7330173775671406 0.08649289099526067 0.2764612954186414
2 0.2825829383886256 0.4707740916271722 0.254739336492891 0.21642969984202212
2 0.28199052132701424 0.24091627172195892 0.254739336492891 0.2132701421800948
2 0.4164691943127962 0.5738546603475514 0.33886255924170616 0.5947867298578199
2 0.6235189573459715 0.7401263823064771 0.25770142180094785 0.2685624012638231
2 0.6389218009478673 0.5469984202211691 0.09419431279620853 0.08925750394944708
2 0.6409952606635071 0.4320695102685624 0.09004739336492891 0.10268562401263823
2 0.6374407582938388 0.25078988941548186 0.0947867298578199 0.24091627172195892
2 0.5396919431279621 0.1970774091627172 0.09004739336492891 0.13665086887835703
2 0.45201421800947866 0.19826224328593997 0.06753554502369669 0.1358609794628752
1 0.7574052132701422 0.7294628751974723 0.013625592417061612 0.14454976303317535
1 0.6901658767772512 0.4320695102685624 0.014218009478672985 0.0947867298578199
1 0.692239336492891 0.2685624012638231 0.01481042654028436 0.0947867298578199
1 0.14988151658767773 0.4731437598736177 0.014218009478672985 0.11216429699842022
1 0.15195497630331753 0.25157977883096366 0.010071090047393365 0.12243285939968404
1 0.24348341232227488 0.7930489731437599 0.018957345971563982 0.14375987361769352
0 0.2295616113744076 0.6473143759873617 0.06220379146919431 0.07819905213270142
0 0.3972156398104265 0.31161137440758296 0.05154028436018957 0.05924170616113744
0 0.39691943127962087 0.3890205371248025 0.054502369668246446 0.0703001579778831
0 0.5642772511848341 0.6204581358609794 0.050355450236966824 0.0750394944707741
0 0.5746445497630331 0.45063191153238547 0.06279620853080568 0.05766192733017378
0 0.6101895734597157 0.5371248025276462 0.052132701421800945 0.061611374407582936
0 0.7088270142180095 0.5363349131121643 0.046800947867298576 0.05845181674565561
0 0.5764218009478673 0.3135860979462875 0.05687203791469194 0.061611374407582936
0 0.46356635071090047 0.28988941548183256 0.04917061611374408 0.08214849921011058
0 0.60989336492891 0.23420221169036334 0.05154028436018957 0.07187993680884676