2 0.4491903964265773 0.7972972972972973 0.5616973757677275 0.38288288288288286
2 0.7529313232830821 0.831081081081081 0.029034059184812954 0.138996138996139
2 0.6147403685092128 0.9472329472329473 0.06309324399776661 0.07657657657657657
2 0.7082635399218313 0.9472329472329473 0.11613623673925182 0.07915057915057915
2 0.7261306532663316 0.6763191763191764 0.08710217755443886 0.13063063063063063
2 0.8324958123953099 0.6991634491634492 0.09659408151870463 0.1788931788931789
2 0.629536571747627 0.6814671814671814 0.09715242881072027 0.14092664092664092
2 0.19123394751535455 0.32754182754182753 0.05806811836962591 0.3815958815958816
2 0.4036850921273032 0.3947876447876448 0.3322166387493021 0.24581724581724582
2 0.3322166387493021 0.23584298584298585 0.18927973199329984 0.18404118404118405
2 0.5203796761585706 0.19787644787644787 0.09547738693467336 0.12097812097812098
2 0.672250139586823 0.23680823680823682 0.19932998324958123 0.19369369369369369
2 0.6708542713567839 0.434041184041184 0.19988833054159688 0.1776061776061776
0 0.14154103852596314 0.7995495495495496 0.06923506420993858 0.06435006435006435
0 0.6300949190396427 0.8867438867438867 0.03796761585706309 0.05083655083655084
0 0.5527638190954773 0.6891891891891891 0.048576214405360134 0.05083655083655084
0 0.6541038525963149 0.6856499356499357 0.04913456169737577 0.05019305019305019
0 0.7146845337800112 0.8252895752895753 0.0496929089893914 0.05276705276705277
0 0.7158012283640425 0.8851351351351351 0.036292573981016193 0.047619047619047616
0 0.8570630932439978 0.8153153153153153 0.05415968732551647 0.07271557271557272
0 0.22920156337241765 0.370978120978121 0.11055276381909548 0.06435006435006435
0 0.23115577889447236 0.30115830115830117 0.11334450027917364 0.06756756756756757
0 0.4109436069235064 0.30212355212355213 0.05527638190954774 0.06306306306306306
0 0.5290340591848129 0.28635778635778636 0.027917364600781685 0.06113256113256113
0 0.5968732551647125 0.3027670527670528 0.04522613065326633 0.05019305019305019
0 0.5938023450586265 0.37065637065637064 0.0513679508654383 0.05727155727155727
1 0.7816862088218872 0.881917631917632 0.021775544388609715 0.04118404118404118
1 0.7766610831937465 0.8252895752895753 0.01507537688442211 0.05276705276705277
1 0.7780569514237856 0.4157014157014157 0.00893355667225014 0.04568854568854569
1 0.7780569514237856 0.3680823680823681 0.012283640424343942 0.026383526383526385
1 0.7794528196538246 0.3092020592020592 0.011725293132328308 0.032175032175032175
1 0.781965382467895 0.26158301158301156 0.01675041876046901 0.0489060489060489
1 0.228643216080402 0.24517374517374518 0.020100502512562814 0.05341055341055341
1 0.2314349525404802 0.3046975546975547 0.011166945840312675 0.05019305019305019
1 0.23171412618648798 0.3729086229086229 0.011725293132328308 0.05276705276705277
1 0.23087660524846454 0.42985842985842987 0.015633724176437745 0.05083655083655084
1 0.16303740926856505 0.6943371943371943 0.01619207146845338 0.08172458172458172
1 0.1638749302065885 0.631917631917632 0.014517029592406477 0.02895752895752896
1 0.16303740926856505 0.8877091377091377 0.01060859854829704 0.09652509652509653
1 0.16192071468453378 0.9646074646074646 0.01619207146845338 0.030244530244530245