1 0.6539245667686034 0.22883787661406027 0.33537206931702346 0.45767575322812054
1 0.5254841997961264 0.08895265423242468 0.1763506625891947 0.17790530846484937
1 0.5688073394495413 0.11190817790530846 0.09174311926605505 0.1291248206599713
1 0.3394495412844037 0.08680057388809183 0.1651376146788991 0.17360114777618366
1 0.2054026503567788 0.08895265423242468 0.07849133537206932 0.17790530846484937
1 0.42048929663608564 0.5989956958393113 0.4801223241590214 0.8020086083213773
1 0.7426095820591233 0.7374461979913917 0.13761467889908258 0.5251076040172167
1 0.664118246687054 0.7410329985652798 0.01529051987767584 0.13629842180774748
1 0.6651376146788991 0.8952654232424677 0.019367991845056064 0.1406025824964132
1 0.16972477064220184 0.9253945480631277 0.017329255861365953 0.14347202295552366
1 0.17176350662589196 0.7690100430416069 0.021406727828746176 0.1406025824964132
1 0.172782874617737 0.2883787661406026 0.023445463812436288 0.1406025824964132
1 0.8277268093781855 0.3464849354375897 0.014271151885830785 0.13916786226685796
0 0.5147808358817533 0.28622668579626975 0.0998980632008155 0.11908177905308465
0 0.699796126401631 0.5982783357245337 0.09887869520897044 0.12051649928263988
0 0.3965341488277268 0.027977044476327116 0.09785932721712538 0.05595408895265423
0 0.3690112130479103 0.1406025824964132 0.09174311926605505 0.1406025824964132
0 0.20795107033639143 0.05164992826398852 0.0998980632008155 0.10329985652797705