2 0.2500727802037846 0.4275109170305677 0.2509461426491994 0.17117903930131007
2 0.4317321688500728 0.3958515283842795 0.09024745269286753 0.11222707423580791
2 0.5222707423580787 0.3982532751091703 0.0652110625909752 0.10917030567685593
2 0.47219796215429405 0.5663755458515284 0.16535662299854437 0.2139737991266375
2 0.7045123726346434 0.42707423580786025 0.2829694323144105 0.17030567685589515
2 0.916448326055313 0.43013100436681223 0.11062590975254742 0.16593886462882101
2 0.25327510917030566 0.5938864628820961 0.24803493449781655 0.1545851528384279
0 0.3633187772925764 0.5746724890829694 0.052401746724890806 0.03755458515283849
0 0.42561863173216885 0.6805676855895196 0.06404657933042213 0.08515283842794763
0 0.4352256186317322 0.46899563318777293 0.05531295487627371 0.044541484716157154
0 0.5155749636098982 0.47161572052401746 0.05531295487627371 0.0393013100436681
0 0.5767103347889374 0.4862445414847162 0.06346433770014552 0.041484716157205226
0 0.8576419213973799 0.4877729257641922 0.11761280931586615 0.042794759825327544
0 0.36419213973799125 0.4903930131004367 0.054148471615720485 0.04192139737991263
1 0.11790393013100436 0.4561135371179039 0.013391557496361006 0.1017467248908297
1 0.11935953420669577 0.5803493449781659 0.02212518195050946 0.09868995633187772