2 0.4033203125 0.6875 0.228515625 0.18798828125
2 0.3610026041666667 0.55126953125 0.14973958333333334 0.06787109375
2 0.3642578125 0.4833984375 0.14583333333333334 0.048828125
2 0.5885416666666666 0.520751953125 0.28515625 0.1240234375
2 0.4026692708333333 0.3466796875 0.22721354166666666 0.21240234375
2 0.4069010416666667 0.187744140625 0.22135416666666666 0.0830078125
2 0.6253255208333334 0.68505859375 0.20638020833333334 0.18603515625
0 0.599609375 0.6025390625 0.050130208333333336 0.0390625
0 0.7408854166666666 0.5556640625 0.11328125 0.0478515625
0 0.4586588541666667 0.548583984375 0.059244791666666664 0.04150390625
0 0.4622395833333333 0.48828125 0.052083333333333336 0.04150390625
0 0.4817708333333333 0.4423828125 0.055338541666666664 0.04736328125
0 0.4837239583333333 0.231689453125 0.057291666666666664 0.08837890625
0 0.4873046875 0.601806640625 0.055989583333333336 0.04052734375
1 0.44140625 0.78662109375 0.13541666666666666 0.01025390625
1 0.6070963541666666 0.785400390625 0.13151041666666666 0.0166015625