2 0.25 0.427490234375 0.2506510416666667 0.17138671875
2 0.431640625 0.395751953125 0.09049479166666667 0.1123046875
2 0.5221354166666666 0.398193359375 0.06510416666666667 0.109375
2 0.4723307291666667 0.56640625 0.16536458333333334 0.2138671875
2 0.7044270833333334 0.427001953125 0.283203125 0.17041015625
2 0.9163411458333334 0.43017578125 0.11067708333333333 0.166015625
2 0.2532552083333333 0.593994140625 0.248046875 0.15478515625
0 0.36328125 0.57470703125 0.052083333333333336 0.03759765625
0 0.42578125 0.6806640625 0.06380208333333333 0.0849609375
0 0.4352213541666667 0.468994140625 0.055338541666666664 0.04443359375
0 0.515625 0.4716796875 0.055338541666666664 0.0390625
0 0.5768229166666666 0.486328125 0.06315104166666667 0.04150390625
0 0.8577473958333334 0.48779296875 0.11783854166666667 0.04296875
0 0.3642578125 0.490478515625 0.054036458333333336 0.0419921875
1 0.11783854166666667 0.4560546875 0.013671875 0.1015625
1 0.11946614583333333 0.580322265625 0.022135416666666668 0.0986328125