2 0.75 0.6239285714285714 0.11349036402569593 0.23214285714285715
2 0.47028907922912205 0.49 0.42880085653104927 0.5142857142857142
2 0.3155781584582441 0.6642857142857143 0.11188436830835118 0.15142857142857144
2 0.41782655246252676 0.6639285714285714 0.07869379014989293 0.15214285714285714
2 0.3019271948608137 0.2985714285714286 0.07387580299785867 0.12571428571428572
2 0.43228051391862954 0.3364285714285714 0.1664882226980728 0.20285714285714285
0 0.7071734475374732 0.5446428571428571 0.05139186295503212 0.062142857142857146
0 0.4609207708779443 0.4175 0.043897216274089934 0.06928571428571428
0 0.3297644539614561 0.5578571428571428 0.04925053533190578 0.08714285714285715
0 0.3567987152034261 0.6185714285714285 0.046573875802997856 0.05285714285714286
0 0.3011241970021413 0.38785714285714284 0.03693790149892934 0.05285714285714286
0 0.2366167023554604 0.41214285714285714 0.06423982869379015 0.07571428571428572
1 0.686830835117773 0.36392857142857143 0.022483940042826552 0.12928571428571428
1 0.6873661670235546 0.6485714285714286 0.014989293361884369 0.14
1 0.4095289079229122 0.23142857142857143 0.11027837259100642 0.018571428571428572