2 0.1946158160403814 0.8165171898355755 0.08356702187324734 0.34977578475336324
2 0.34548513740886144 0.8650971599402093 0.19742007851934942 0.26980568011958145
2 0.5227145260796411 0.9364723467862481 0.1435782389231632 0.12705530642750373
2 0.5058889512058329 0.7933482810164425 0.11048794167134043 0.12855007473841554
2 0.6578799775659002 0.8628550074738416 0.10544026920919798 0.2742899850523169
2 0.47896803140773975 0.4080717488789238 0.46494671901289963 0.6076233183856502
2 0.3345485137408861 0.22533632286995517 0.17610768367919238 0.23168908819133036
2 0.3639932697700505 0.045590433482810166 0.2422882781828379 0.09118086696562033
2 0.6043185642176108 0.04895366218236173 0.21817162086371283 0.09790732436472346
2 0.7504206393718452 0.17040358744394618 0.06618059450364554 0.34080717488789236
0 0.19489624228827818 0.9633781763826607 0.05888951205832866 0.07324364723467862
0 0.21620863712843522 0.6857249626307922 0.06393718452047112 0.07324364723467862
0 0.2714526079641054 0.7526158445440957 0.0532809871003926 0.08146487294469357
0 0.40437464946719015 0.1412556053811659 0.07010656197420079 0.08146487294469357
0 0.46045989904655077 0.07062780269058296 0.05215928210880538 0.08221225710014948
0 0.556926528323051 0.07249626307922272 0.05103757711721817 0.08445440956651719
0 0.5793606281547953 0.28736920777279523 0.062254627033090294 0.07174887892376682
0 0.7414469994391475 0.14162929745889388 0.06449803701626472 0.07922272047832586
0 0.6483454851374089 0.7537369207772795 0.0532809871003926 0.08221225710014948
0 0.6214245653393158 0.9050822122571002 0.056646102075154234 0.07399103139013453
0 0.5297251822770611 0.8946188340807175 0.06169377453729669 0.07997010463378176
1 0.23864273696017949 0.578101644245142 0.011217049915872126 0.11061285500747384
1 0.24256870443073472 0.4577727952167414 0.015703869882220976 0.11509715994020926
1 0.2417274256870443 0.24813153961136025 0.014021312394840156 0.11136023916292975
1 0.24004486819966347 0.033258594917787744 0.007851934941110488 0.06651718983557549
1 0.7156477846326417 0.03288490284005979 0.01346045989904655 0.06576980568011959
1 0.7170499158721256 0.28176382660687593 0.012338754907459339 0.04110612855007474
1 0.716489063376332 0.4461883408071749 0.01346045989904655 0.12780269058295965
1 0.7148065058889512 0.8766816143497758 0.012338754907459339 0.10986547085201794
1 0.2414469994391475 0.8703288490284006 0.011217049915872126 0.11061285500747384