2 0.6600102406554019 0.05265654648956357 0.09523809523809523 0.10531309297912714
2 0.532258064516129 0.04933586337760911 0.14797747055811572 0.09867172675521822
2 0.38965693804403484 0.05313092979127135 0.12186379928315412 0.1062618595825427
2 0.34639016897081415 0.22722960151802657 0.030721966205837174 0.21631878557874762
2 0.5005120327700973 0.5592979127134725 0.34357398873527906 0.881404174573055
2 0.6451612903225806 0.2333965844402277 0.11623143881208398 0.22106261859582543
2 0.5488991295442909 0.20066413662239088 0.06400409626216078 0.16318785578747627
2 0.514336917562724 0.6802656546489564 0.3763440860215054 0.6394686907020873
1 0.31925243215565796 0.6608159392789373 0.023553507424475168 0.40037950664136623
0 0.6395289298515104 0.38757115749525617 0.04864311315924219 0.09108159392789374
0 0.6428571428571429 0.1513282732447818 0.043010752688172046 0.11005692599620494
0 0.48131080389144903 0.0706831119544592 0.045570916538658475 0.09867172675521822
0 0.48719918074756785 0.24003795066413663 0.05017921146953405 0.08064516129032258
0 0.3888888888888889 0.20208728652751423 0.05632360471070148 0.09962049335863378
0 0.2928827444956477 0.20161290322580644 0.07526881720430108 0.0967741935483871
0 0.4221710189452125 0.07210626185958255 0.051203277009728626 0.09772296015180265
1 0.7155657962109575 0.04411764705882353 0.02304147465437788 0.08823529411764706
1 0.713773681515617 0.16413662239089183 0.022017409114183307 0.09013282732447818