2 0.38549075391180654 0.3353880195985459 0.3897581792318634 0.5557136083451873
2 0.5394736842105263 0.3922870238659713 0.07752489331436707 0.21811284969179712
2 0.5878378378378378 0.39133870712818086 0.2005689900426743 0.6701438280385649
2 0.7498221906116643 0.7393709498972657 0.12197724039829305 0.23328591749644387
2 0.7496443812233287 0.4365418049628576 0.12517780938833578 0.353406037616564
2 0.7311522048364154 0.15773668405247354 0.1593172119487909 0.19788209261893475
2 0.22101706970128024 0.4513987671882409 0.05725462304409673 0.3224276908487435
0 0.2411095305832148 0.33918128654970764 0.04338549075391179 0.0689110162794373
0 0.3184566145092461 0.25225225225225223 0.04018492176386912 0.061956693535640914
0 0.548719772403983 0.3075707286233602 0.03271692745376953 0.0739687055476529
0 0.5494310099573257 0.4905958590169117 0.027738264580369876 0.058163426584479164
0 0.4927098150782362 0.534850640113798 0.030227596017069758 0.0467836257309941
0 0.4953769559032718 0.584795321637427 0.03840682788051214 0.05310573731626356
0 0.531294452347084 0.722933459775565 0.03769559032716918 0.1156946420104315
0 0.67549786628734 0.6903745851114272 0.03378378378378377 0.059427848901533215
0 0.6577169274537696 0.383436067646594 0.03236130867709819 0.048680259206574976
0 0.6575391180654339 0.2898688161846057 0.03556187766714092 0.057531215425952235
0 0.6642958748221907 0.2332859174964438 0.0362731152204836 0.049312470365101925
0 0.6113086770981508 0.5263157894736843 0.027738264580369876 0.05500237079184443
1 0.39633712660028453 0.05310573731626364 0.0665007112375533 0.01770191243875455
1 0.5190256045519204 0.05689900426742532 0.08428165007112381 0.015173067804646747
1 0.626778093883357 0.05437015963331753 0.03378378378378377 0.017701912438754543
1 0.6945234708392604 0.055002370791844474 0.08748221906116638 0.013908645487592852
1 0.8141891891891893 0.3673146831041568 0.006756756756756799 0.1277066540224435
1 0.8145448079658606 0.5108266160897741 0.006045519203413896 0.14161529951003635
1 0.8154338549075392 0.7599178125493915 0.009246088193456625 0.1896633475580843
1 0.25355618776671407 0.4735261577366841 0.007823613086770959 0.20483641536273112
1 0.18812233285917498 0.21431958274063537 0.007112375533428139 0.14035087719298245