2 0.385498046875 0.3355034722222222 0.3896484375 0.5555555555555556
2 0.53955078125 0.3923611111111111 0.07763671875 0.21788194444444445
2 0.587890625 0.3914930555555556 0.20068359375 0.6701388888888888
2 0.749755859375 0.7395833333333334 0.1220703125 0.23350694444444445
2 0.749755859375 0.4366319444444444 0.125 0.3532986111111111
2 0.731201171875 0.15755208333333334 0.1591796875 0.19791666666666666
2 0.220947265625 0.4513888888888889 0.05712890625 0.3220486111111111
0 0.2412109375 0.3389756944444444 0.04345703125 0.0685763888888889
0 0.318359375 0.2521701388888889 0.0400390625 0.06163194444444445
0 0.548828125 0.3077256944444444 0.03271484375 0.07378472222222222
0 0.54931640625 0.4904513888888889 0.02783203125 0.058159722222222224
0 0.49267578125 0.5347222222222222 0.0302734375 0.046875
0 0.495361328125 0.5846354166666666 0.03857421875 0.05295138888888889
0 0.53125 0.7230902777777778 0.03759765625 0.1154513888888889
0 0.675537109375 0.6905381944444444 0.03369140625 0.059027777777777776
0 0.65771484375 0.3832465277777778 0.0322265625 0.04861111111111111
0 0.657470703125 0.2899305555555556 0.03564453125 0.057291666666666664
0 0.664306640625 0.23307291666666666 0.0361328125 0.049479166666666664
0 0.611328125 0.5264756944444444 0.02783203125 0.0546875
1 0.396240234375 0.05295138888888889 0.06640625 0.017361111111111112
1 0.51904296875 0.05685763888888889 0.08447265625 0.014756944444444444
1 0.626708984375 0.054253472222222224 0.03369140625 0.017361111111111112
1 0.694580078125 0.055121527777777776 0.08740234375 0.013888888888888888
1 0.814208984375 0.3671875 0.0068359375 0.12760416666666666
1 0.814453125 0.5108506944444444 0.005859375 0.14149305555555555
1 0.8154296875 0.7599826388888888 0.00927734375 0.1892361111111111
1 0.253662109375 0.4735243055555556 0.0078125 0.2048611111111111
1 0.188232421875 0.2144097222222222 0.00732421875 0.140625