2 0.59228515625 0.3211805555555556 0.3125 0.6423611111111112
2 0.560546875 0.5703125 0.12255859375 0.13802083333333334
2 0.56103515625 0.65625 0.376953125 0.3567708333333333
2 0.364990234375 0.9175347222222222 0.13134765625 0.16493055555555555
2 0.535400390625 0.9162326388888888 0.19873046875 0.1675347222222222
2 0.6923828125 0.8845486111111112 0.111328125 0.2309027777777778
2 0.527099609375 0.02734375 0.18115234375 0.0546875
0 0.590576171875 0.03993055555555555 0.03857421875 0.07725694444444445
0 0.639404296875 0.17708333333333334 0.03466796875 0.07118055555555555
0 0.608154296875 0.5868055555555556 0.04150390625 0.058159722222222224
0 0.50537109375 0.5876736111111112 0.03271484375 0.049479166666666664
0 0.48046875 0.4869791666666667 0.0263671875 0.05381944444444445
0 0.452392578125 0.4917534722222222 0.02978515625 0.0685763888888889
0 0.37451171875 0.5555555555555556 0.06494140625 0.06684027777777778
0 0.392822265625 0.8120659722222222 0.033203125 0.059895833333333336
0 0.565673828125 0.7803819444444444 0.02734375 0.057291666666666664
0 0.6181640625 0.7799479166666666 0.0322265625 0.06336805555555555
0 0.650146484375 0.7921006944444444 0.02783203125 0.0642361111111111
0 0.485107421875 0.6979166666666666 0.03076171875 0.049479166666666664
1 0.75146484375 0.3155381944444444 0.009765625 0.11805555555555555
1 0.749267578125 0.5338541666666666 0.00830078125 0.1501736111111111
1 0.750732421875 0.7252604166666666 0.009765625 0.059895833333333336
1 0.750244140625 0.8459201388888888 0.0078125 0.15538194444444445
1 0.514892578125 0.062065972222222224 0.115234375 0.013888888888888888