2 0.3205967976710335 0.8813993174061433 0.23944687045123728 0.23720136518771331
2 0.6146288209606987 0.9517918088737202 0.3398835516739447 0.09641638225255973
2 0.8202328966521106 0.9513651877133106 0.048034934497816595 0.09726962457337884
2 0.32096069868995636 0.6629692832764505 0.24890829694323144 0.16040955631399317
2 0.5702328966521106 0.6569965870307167 0.23508005822416303 0.15358361774744028
2 0.7660116448326055 0.6548634812286689 0.1477438136826783 0.1407849829351536
2 0.7700145560407569 0.814419795221843 0.1470160116448326 0.15273037542662116
2 0.5997088791848617 0.8306313993174061 0.1703056768558952 0.17320819112627986
2 0.4814410480349345 0.8327645051194539 0.06186317321688501 0.17406143344709898
2 0.4963609898107715 0.295221843003413 0.5880640465793304 0.4948805460750853
2 0.5847889374090247 0.16083617747440274 0.07933042212518195 0.21245733788395904
2 0.7405385735080058 0.2090443686006826 0.2074235807860262 0.30716723549488056
2 0.13719068413391558 0.14974402730375427 0.1098981077147016 0.19027303754266212
2 0.1339155749636099 0.6821672354948806 0.11644832605531295 0.19880546075085323
1 0.19468704512372634 0.8818259385665529 0.013828238719068414 0.07593856655290103
1 0.19868995633187772 0.4031569965870307 0.01455604075691412 0.16296928327645052
1 0.8486171761280932 0.20008532423208192 0.017467248908296942 0.13395904436860068
1 0.8475254730713246 0.6804607508532423 0.019650655021834062 0.04522184300341297
1 0.8497088791848617 0.7619453924914675 0.013828238719068414 0.04778156996587031
1 0.19796215429403202 0.20008532423208192 0.01601164483260553 0.07764505119453925
0 0.1943231441048035 0.9590443686006825 0.11790393013100436 0.07849829351535836
0 0.17576419213973798 0.6672354948805461 0.06914119359534207 0.06313993174061433
0 0.19868995633187772 0.11945392491467577 0.1222707423580786 0.06825938566552901
0 0.5975254730713246 0.2858361774744027 0.06259097525473072 0.06996587030716724
0 0.6517467248908297 0.32551194539249145 0.06768558951965066 0.07252559726962457
0 0.7656477438136827 0.43600682593856654 0.07714701601164484 0.07337883959044368
0 0.8751819505094615 0.4351535836177474 0.07496360989810771 0.07508532423208192
0 0.8726346433770015 0.9488054607508533 0.07569141193595343 0.07849829351535836
0 0.764919941775837 0.9569112627986348 0.07132459970887918 0.0810580204778157
0 0.5429403202328966 0.9488054607508533 0.055312954876273655 0.06825938566552901
0 0.5385735080058224 0.8020477815699659 0.0611353711790393 0.06143344709897611
0 0.5505822416302766 0.7175767918088737 0.04730713245997089 0.06825938566552901
0 0.4683406113537118 0.6732081911262798 0.06622998544395925 0.06484641638225255
0 0.6699417758369723 0.7781569965870307 0.05895196506550218 0.05802047781569966
0 0.725254730713246 0.7581058020477816 0.05312954876273653 0.06569965870307168