2 0.6794032023289666 0.11860068259385666 0.23944687045123728 0.23720136518771331
2 0.3853711790393013 0.048208191126279866 0.3398835516739447 0.09641638225255973
2 0.17976710334788937 0.04863481228668942 0.048034934497816595 0.09726962457337884
2 0.6790393013100436 0.3370307167235495 0.24890829694323144 0.16040955631399317
2 0.42976710334788937 0.3430034129692833 0.23508005822416303 0.15358361774744028
2 0.23398835516739447 0.34513651877133106 0.1477438136826783 0.1407849829351536
2 0.22998544395924309 0.185580204778157 0.1470160116448326 0.15273037542662116
2 0.4002911208151383 0.16936860068259385 0.1703056768558952 0.17320819112627986
2 0.5185589519650655 0.16723549488054607 0.06186317321688501 0.17406143344709898
2 0.5036390101892285 0.7047781569965871 0.5880640465793304 0.4948805460750853
2 0.41521106259097523 0.8391638225255973 0.07933042212518195 0.21245733788395904
2 0.25946142649199416 0.7909556313993175 0.2074235807860262 0.30716723549488056
2 0.8628093158660844 0.8502559726962458 0.1098981077147016 0.19027303754266212
2 0.86608442503639 0.31783276450511944 0.11644832605531295 0.19880546075085323
1 0.8053129548762736 0.1181740614334471 0.013828238719068414 0.07593856655290103
1 0.8013100436681223 0.5968430034129693 0.01455604075691412 0.16296928327645052
1 0.15138282387190685 0.7999146757679181 0.017467248908296942 0.13395904436860068
1 0.1524745269286754 0.3195392491467577 0.019650655021834062 0.04522184300341297
1 0.1502911208151383 0.2380546075085324 0.013828238719068414 0.04778156996587031
1 0.8020378457059679 0.7999146757679181 0.01601164483260553 0.07764505119453925
0 0.8056768558951966 0.040955631399317405 0.11790393013100436 0.07849829351535836
0 0.824235807860262 0.33276450511945393 0.06914119359534207 0.06313993174061433
0 0.8013100436681223 0.8805460750853242 0.1222707423580786 0.06825938566552901
0 0.4024745269286754 0.7141638225255973 0.06259097525473072 0.06996587030716724
0 0.3482532751091703 0.6744880546075085 0.06768558951965066 0.07252559726962457
0 0.23435225618631733 0.5639931740614335 0.07714701601164484 0.07337883959044368
0 0.12481804949053857 0.5648464163822525 0.07496360989810771 0.07508532423208192
0 0.12736535662299855 0.051194539249146756 0.07569141193595343 0.07849829351535836
0 0.23508005822416303 0.04308873720136519 0.07132459970887918 0.0810580204778157
0 0.4570596797671033 0.051194539249146756 0.055312954876273655 0.06825938566552901
0 0.46142649199417757 0.19795221843003413 0.0611353711790393 0.06143344709897611
0 0.4494177583697234 0.28242320819112626 0.04730713245997089 0.06825938566552901
0 0.5316593886462883 0.3267918088737201 0.06622998544395925 0.06484641638225255
0 0.33005822416302766 0.22184300341296928 0.05895196506550218 0.05802047781569966
0 0.274745269286754 0.24189419795221842 0.05312954876273653 0.06569965870307168