2 0.09580979284369115 0.4252285958489896 0.09274952919020714 0.6926593093117307
2 0.4154896421845574 0.4380726095315913 0.5080037664783428 0.672475859239071
2 0.23940677966101695 0.6417419693557028 0.1586629001883239 0.265137139590848
2 0.4837570621468926 0.7009161752505461 0.08898305084745761 0.16146760058127757
2 0.693502824858757 0.6926593093117307 0.1478342749529189 0.17614647336139388
2 0.7231638418079096 0.51880640982223 0.08757062146892647 0.14587129825240416
2 0.6805555555555556 0.2633022804933334 0.17090395480225995 0.32843977845509875
2 0.5035310734463276 0.26421971004209066 0.16431261770244815 0.32660491935758434
1 0.22339924670433145 0.08027508551626018 0.09463276836158191 0.03761461149904764
1 0.3549905838041431 0.08486223326004648 0.0423728813559322 0.03394489330401859
1 0.5315442561205272 0.08348608893691059 0.06873822975517885 0.034862322852775865
1 0.7142184557438794 0.08440351848566785 0.06685499058380406 0.033027463755261326
1 0.150894538606403 0.19541249388529622 0.017419962335216588 0.19816478253156802
1 0.15207156308851225 0.6284392408987225 0.0160075329566855 0.12293555953347272
0 0.15419020715630885 0.44036618340348443 0.0955743879472693 0.08990809577821138
0 0.48187382297551795 0.39357727641686424 0.04378531073446329 0.09174295487572591
0 0.525894538606403 0.6399071102581884 0.05084745762711873 0.07614665254685256
0 0.6501883239171374 0.4724762176099885 0.04143126177024481 0.09541267307075493
0 0.6487758945386064 0.5605494542906854 0.04519774011299438 0.07522922299809517
0 0.7019774011299434 0.6449529727763533 0.039548022598870025 0.09541267307075488
0 0.5925141242937852 0.7935765596750292 0.056967984934086724 0.20550421892162604