2 0.468017578125 0.5846812559467174 0.34521484375 0.8306374881065651
2 0.572509765625 0.9262607040913415 0.13623046875 0.14747859181731685
2 0.60302734375 0.5318744053282588 0.0830078125 0.1731684110371075
2 0.598876953125 0.13320647002854424 0.09033203125 0.2664129400570885
2 0.509521484375 0.07516650808753568 0.07470703125 0.15033301617507136
2 0.378173828125 0.15699333967649856 0.16845703125 0.3139866793529971
2 0.37890625 0.4933396764985728 0.16748046875 0.3206470028544244
1 0.28466796875 0.9733587059942912 0.01953125 0.0532825880114177
1 0.286865234375 0.7825880114176974 0.017578125 0.08277830637488107
1 0.2861328125 0.4386298763082778 0.01806640625 0.13415794481446242
1 0.28662109375 0.08277830637488107 0.01708984375 0.13035204567078973
0 0.4453125 0.5352045670789725 0.046875 0.08563273073263558
0 0.57177734375 0.4495718363463368 0.0390625 0.09895337773549001
0 0.48583984375 0.20742150333016174 0.048828125 0.08087535680304472
0 0.531005859375 0.21027592768791628 0.03857421875 0.08848715509039011
0 0.574462890625 0.1065651760228354 0.048828125 0.07706945765937202
0 0.650634765625 0.3196955280685062 0.10546875 0.11132254995242626