2 0.531494140625 0.4148430066603235 0.34521484375 0.829686013320647
2 0.427001953125 0.07326355851569934 0.13623046875 0.14652711703139867
2 0.39697265625 0.4681255946717412 0.0830078125 0.1731684110371075
2 0.401123046875 0.8663177925784966 0.09033203125 0.26736441484300666
2 0.489990234375 0.9248334919124643 0.07470703125 0.15033301617507136
2 0.621337890625 0.8425309229305423 0.16845703125 0.3149381541389153
2 0.62109375 0.5066603235014272 0.16748046875 0.3206470028544244
1 0.71533203125 0.02664129400570885 0.01953125 0.0532825880114177
1 0.713134765625 0.21741198858230257 0.017578125 0.08277830637488107
1 0.7138671875 0.5613701236917221 0.01806640625 0.13415794481446242
1 0.71337890625 0.917221693625119 0.01708984375 0.13035204567078973
0 0.5546875 0.4647954329210276 0.046875 0.08563273073263558
0 0.42822265625 0.5504281636536632 0.0390625 0.09895337773549001
0 0.51416015625 0.7925784966698383 0.048828125 0.08087535680304472
0 0.468994140625 0.7897240723120837 0.03857421875 0.08848715509039011
0 0.425537109375 0.8934348239771646 0.048828125 0.07706945765937202
0 0.349365234375 0.6803044719314938 0.10546875 0.11132254995242626