2 0.18592057761732853 0.7063333333333334 0.2628158844765343 0.21333333333333335
2 0.14657039711191336 0.5366666666666666 0.18411552346570398 0.10733333333333334
2 0.427797833935018 0.6866666666666666 0.18339350180505415 0.25933333333333336
2 0.3935018050541516 0.5106666666666667 0.12490974729241877 0.06866666666666667
2 0.615884476534296 0.49166666666666664 0.7501805054151625 0.6533333333333333
2 0.7592057761732852 0.8833333333333333 0.4693140794223827 0.10466666666666667
2 0.859927797833935 0.338 0.2794223826714801 0.346
0 0.7516245487364621 0.375 0.08303249097472924 0.06933333333333333
0 0.771841155234657 0.822 0.06570397111913358 0.126
0 0.23104693140794225 0.43866666666666665 0.14368231046931407 0.05533333333333333
0 0.3101083032490975 0.521 0.05054151624548736 0.042666666666666665
0 0.30866425992779783 0.571 0.05054151624548736 0.03333333333333333
0 0.2909747292418773 0.6183333333333333 0.05415162454873646 0.06266666666666666
0 0.2581227436823105 0.5296666666666666 0.054873646209386284 0.036
1 0.631768953068592 0.15266666666666667 0.14657039711191336 0.020666666666666667
1 0.4068592057761733 0.15133333333333332 0.14584837545126353 0.020666666666666667
1 0.9981949458483754 0.288 0.0036101083032490976 0.09066666666666667
1 0.9942238267148015 0.394 0.011552346570397111 0.09333333333333334