2 0.247314453125 0.6871744791666666 0.21044921875 0.3359375
2 0.442138671875 0.6865234375 0.16455078125 0.326171875
2 0.56005859375 0.8095703125 0.06005859375 0.060546875
2 0.563232421875 0.7356770833333334 0.05908203125 0.07682291666666667
2 0.62451171875 0.6858723958333334 0.1884765625 0.3268229166666667
2 0.44091796875 0.3935546875 0.1669921875 0.16536458333333334
2 0.4423828125 0.22526041666666666 0.1611328125 0.14713541666666666
2 0.626708984375 0.3095703125 0.1875 0.3326822916666667
0 0.704833984375 0.23697916666666666 0.03662109375 0.049479166666666664
0 0.74560546875 0.6087239583333334 0.0498046875 0.057291666666666664
0 0.373291015625 0.6494140625 0.03857421875 0.055989583333333336
1 0.357177734375 0.7552083333333334 0.01220703125 0.12044270833333333
1 0.35888671875 0.5901692708333334 0.00927734375 0.06966145833333333
1 0.3544921875 0.3802083333333333 0.01123046875 0.12239583333333333
1 0.356689453125 0.2373046875 0.00830078125 0.11002604166666667
1 0.724853515625 0.3395182291666667 0.0107421875 0.09049479166666667
1 0.72265625 0.7161458333333334 0.01220703125 0.099609375
0 0.552978515625 0.6708984375 0.0341796875 0.052083333333333336