2 0.3595753205128205 0.16319444444444445 0.25200320512820507 0.28044871794871795
2 0.36017628205128205 0.42280982905982906 0.24439102564102566 0.21955128205128208
2 0.2678285256410256 0.5801282051282052 0.0452724358974359 0.08012820512820513
2 0.32331730769230765 0.5844017094017094 0.05769230769230771 0.07905982905982907
2 0.3605769230769231 0.6658653846153846 0.2451923076923077 0.25160256410256415
2 0.5799278846153846 0.42120726495726496 0.12379807692307687 0.22275641025641027
2 0.7061298076923077 0.4230769230769231 0.11017628205128194 0.21474358974358973
2 0.6428285256410257 0.6688034188034188 0.24959935897435903 0.25
0 0.6973157051282051 0.7729700854700855 0.03725961538461542 0.04914529914529927
0 0.41846955128205127 0.8274572649572649 0.04286858974358976 0.0662393162393163
0 0.3880208333333333 0.3311965811965812 0.04206730769230771 0.05128205128205132
1 0.30869391025641024 0.30956196581196577 0.09014423076923073 0.016559829059829074
1 0.43229166666666663 0.31169871794871795 0.05208333333333337 0.012286324786324817
1 0.5899439102564102 0.30608974358974356 0.09174679487179493 0.014957264957264979
1 0.6971153846153846 0.30902777777777773 0.08253205128205132 0.011217948717948753
1 0.6203926282051282 0.7999465811965812 0.06770833333333326 0.014423076923076946
1 0.3379407051282051 0.796741452991453 0.0749198717948718 0.016559829059829074
0 0.3717948717948718 0.5707799145299145 0.039262820512820484 0.04540598290598297