2 0.359619140625 0.1630859375 0.251953125 0.2805989583333333
2 0.360107421875 0.4228515625 0.24462890625 0.21940104166666666
2 0.267822265625 0.580078125 0.04541015625 0.080078125
2 0.3232421875 0.5843098958333334 0.0576171875 0.07877604166666667
2 0.360595703125 0.666015625 0.2451171875 0.2513020833333333
2 0.579833984375 0.4212239583333333 0.1240234375 0.22265625
2 0.7060546875 0.4231770833333333 0.1103515625 0.21484375
2 0.642822265625 0.6689453125 0.24951171875 0.25
0 0.697265625 0.7731119791666666 0.037109375 0.048828125
0 0.41845703125 0.8274739583333334 0.04296875 0.06640625
0 0.387939453125 0.3310546875 0.0419921875 0.051432291666666664
1 0.30859375 0.3095703125 0.09033203125 0.016276041666666668
1 0.432373046875 0.3118489583333333 0.05224609375 0.012369791666666666
1 0.58984375 0.3059895833333333 0.091796875 0.014973958333333334
1 0.697021484375 0.3089192708333333 0.08251953125 0.011067708333333334
1 0.620361328125 0.7998046875 0.06787109375 0.014322916666666666
1 0.337890625 0.796875 0.07470703125 0.016276041666666668
0 0.371826171875 0.5706380208333334 0.0390625 0.045572916666666664