2 0.16881188118811882 0.49537953795379536 0.05891089108910891 0.4277227722772277
2 0.36386138613861385 0.49438943894389437 0.3193069306930693 0.4178217821782178
2 0.5626237623762376 0.5313531353135313 0.23267326732673269 0.10627062706270628
2 0.7131188118811881 0.5297029702970297 0.05247524752475247 0.10957095709570958
2 0.681930693069307 0.6498349834983498 0.1198019801980198 0.10825082508250825
2 0.5727722772277227 0.6488448844884488 0.08267326732673268 0.10627062706270628
2 0.6339108910891089 0.37722772277227723 0.21287128712871287 0.17953795379537954
2 0.48688118811881187 0.42112211221122114 0.06732673267326733 0.08382838283828382
2 0.4858910891089109 0.331023102310231 0.06831683168316832 0.08976897689768977
0 0.4787128712871287 0.563036303630363 0.04801980198019802 0.07326732673267326
0 0.497029702970297 0.49273927392739275 0.04207920792079208 0.0594059405940594
0 0.4262376237623762 0.5112211221122113 0.05297029702970297 0.06336633663366337
0 0.1797029702970297 0.5075907590759076 0.05099009900990099 0.058745874587458745
0 0.5413366336633664 0.31386138613861386 0.046534653465346534 0.052805280528052806
0 0.5883663366336633 0.4429042904290429 0.04554455445544554 0.07854785478547854
0 0.7022277227722772 0.5425742574257426 0.05247524752475247 0.06666666666666667
0 0.7673267326732673 0.5432343234323432 0.05396039603960396 0.06798679867986798
0 0.6316831683168317 0.6244224422442244 0.036138613861386136 0.04950495049504951
0 0.6544554455445545 0.6151815181518152 0.03514851485148515 0.06006600660066007
1 0.7445544554455445 0.6580858085808581 0.008415841584158416 0.058745874587458745
1 0.745049504950495 0.38712871287128714 0.012376237623762377 0.132013201320132
1 0.201980198019802 0.6095709570957095 0.012376237623762377 0.1042904290429043
1 0.20272277227722774 0.4297029702970297 0.01089108910891089 0.08514851485148515
1 0.2014851485148515 0.335973597359736 0.010396039603960397 0.08646864686468647