2 0.09566227730441518 0.7407407407407407 0.10766847405112316 0.4176516942474389
2 0.09953524399690163 0.26792750197005516 0.11076684740511232 0.4239558707643814
2 0.31913245546088304 0.14972419227738376 0.308288148721921 0.18282111899133174
2 0.3179705654531371 0.3672182821118991 0.3059643687064291 0.219070133963751
2 0.5464756003098373 0.32978723404255317 0.13245546088303642 0.2923561859732072
2 0.5472501936483346 0.11583924349881797 0.13710302091402013 0.11505122143420016
2 0.7532920216886135 0.152876280535855 0.26103795507358635 0.1938534278959811
2 0.6769945778466305 0.41922773837667454 0.10999225406661503 0.11505122143420016
2 0.7529047250193648 0.36485421591804573 0.26026336173508907 0.219070133963751
2 0.750580945003873 0.6300236406619385 0.26955848179705655 0.21040189125295508
2 0.47172734314484893 0.7371946414499606 0.6072811773818745 0.4152876280535855
2 0.8357862122385747 0.7844759653270291 0.09604957397366383 0.07328605200945626
2 0.8381099922540666 0.892434988179669 0.09295120061967467 0.11426319936958235
1 0.16150271107668474 0.8691883372734437 0.019364833462432222 0.10717100078802207
1 0.15840433772269558 0.6394799054373522 0.019364833462432222 0.13790386130811663
1 0.15956622773044152 0.380220646178093 0.017041053446940357 0.11583924349881797
1 0.15956622773044152 0.16193853427895982 0.013942680092951201 0.1347517730496454
0 0.18280402788536018 0.289204097714736 0.061967467079783116 0.06619385342789598
0 0.18435321456235476 0.7663514578408196 0.06506584043377227 0.05594956658786446
0 0.4589465530596437 0.2840819542947203 0.048799380325329204 0.04334121355397951
0 0.46127033307513554 0.21631205673758866 0.053446940356312936 0.04964539007092199
0 0.6371030209140202 0.2127659574468085 0.05964368706429125 0.045705279747832936
0 0.6324554608830364 0.31048069345941687 0.05034856700232378 0.04885736800630418
0 0.5553834237025561 0.1875492513790386 0.046475600309837335 0.05988967691095351
0 0.7652982184353214 0.8609141055949566 0.06351665375677769 0.05752561071710008
0 0.80286599535244 0.7852639873916469 0.05809450038729667 0.0591016548463357
0 0.9109217660728117 0.7821118991331757 0.06816421378776143 0.05752561071710008
0 0.7594887683965917 0.39204097714736014 0.053446940356312936 0.05279747832939322
1 0.8892331525948877 0.3211189913317573 0.015491866769945779 0.062253743104806934
1 0.8903950426026336 0.177698975571316 0.011618900077459334 0.13002364066193853
1 0.8919442292796282 0.6465721040189125 0.020914020139426802 0.11741528762805359