2 0.4973572938689218 0.4823580034423408 0.9630021141649049 0.48623063683304646
2 0.19608879492600423 0.37521514629948366 0.3266384778012685 0.2685025817555938
2 0.41596194503171247 0.3227194492254733 0.09408033826638477 0.1703958691910499
2 0.4164904862579281 0.4651462994836489 0.08668076109936575 0.09380378657487091
2 0.21723044397463 0.7396729776247849 0.36046511627906974 0.16437177280550774
2 0.4450317124735729 0.7775387263339071 0.08668076109936575 0.09380378657487091
2 0.6437632135306554 0.774526678141136 0.2727272727272727 0.08950086058519793
2 0.8858350951374208 0.7723752151462995 0.18604651162790697 0.09036144578313253
1 0.9862579281183932 0.5993975903614458 0.02748414376321353 0.09036144578313253
1 0.9867864693446089 0.34165232358003444 0.026427061310782242 0.09294320137693632
1 0.022198731501057084 0.45309810671256456 0.02536997885835095 0.11101549053356283
1 0.02061310782241015 0.7117039586919105 0.03488372093023256 0.09294320137693632
0 0.9503171247357294 0.4651462994836489 0.09936575052854123 0.07487091222030981
0 0.39482029598308666 0.5417383820998278 0.06659619450317125 0.05938037865748709
0 0.3313953488372093 0.3287435456110155 0.06448202959830866 0.05335628227194492
0 0.23784355179704017 0.48838209982788294 0.08668076109936575 0.07142857142857142
0 0.43868921775898523 0.6906196213425129 0.09302325581395349 0.05938037865748709
0 0.5364693446088795 0.7035283993115319 0.06236786469344609 0.05421686746987952
0 0.37103594080338265 0.7874354561101549 0.07610993657505286 0.04130808950086059
0 0.13160676532769555 0.5550774526678142 0.07716701902748414 0.060240963855421686
0 0.007928118393234672 0.5662650602409639 0.015856236786469344 0.06368330464716007