2 0.2620802620802621 0.4983922829581994 0.5241605241605242 0.9453376205787781
2 0.4881244881244881 0.5245176848874598 0.19737919737919737 0.19131832797427653
2 0.42874692874692877 0.8488745980707395 0.1375921375921376 0.13263665594855306
0 0.3824733824733825 0.8838424437299035 0.07452907452907453 0.05466237942122187
0 0.3837018837018837 0.9622186495176849 0.055692055692055695 0.04421221864951769
0 0.4180999180999181 0.9389067524115756 0.0687960687960688 0.04742765273311897
0 0.36036036036036034 0.520096463022508 0.07944307944307945 0.10530546623794212
0 0.47911547911547914 0.09445337620578778 0.07616707616707617 0.04823151125401929
0 0.8366093366093366 0.10651125401929261 0.0687960687960688 0.05627009646302251
0 0.9762489762489762 0.0542604501607717 0.0475020475020475 0.04421221864951769
1 0.004914004914004914 0.44413183279742763 0.009828009828009828 0.07636655948553055
1 0.003276003276003276 0.21382636655948553 0.006552006552006552 0.07877813504823152
1 0.3824733824733825 0.6004823151125402 0.022113022113022112 0.0297427652733119
1 0.38042588042588044 0.4457395498392283 0.018018018018018018 0.02090032154340836
1 0.4271089271089271 0.422427652733119 0.05896805896805897 0.012861736334405145
1 0.4307944307944308 0.6310289389067524 0.05978705978705979 0.02491961414790997
1 0.5045045045045045 0.1647909967845659 0.015561015561015561 0.04581993569131833
1 0.4995904995904996 0.13143086816720256 0.025389025389025387 0.03536977491961415
1 0.4307944307944308 0.050241157556270094 0.03521703521703522 0.03858520900321544
1 0.8574938574938575 0.15715434083601287 0.025389025389025387 0.06752411575562701