2 0.7375102375102375 0.5008038585209004 0.5249795249795249 0.9453376205787781
2 0.5118755118755118 0.4754823151125402 0.19737919737919737 0.19131832797427653
2 0.5712530712530712 0.15112540192926044 0.1375921375921376 0.13263665594855306
0 0.6175266175266175 0.11615755627009647 0.07452907452907453 0.05466237942122187
0 0.6162981162981163 0.03778135048231511 0.055692055692055695 0.04421221864951769
0 0.5819000819000819 0.06109324758842444 0.0687960687960688 0.04742765273311897
0 0.6396396396396397 0.47990353697749194 0.07944307944307945 0.10530546623794212
0 0.5208845208845209 0.9055466237942122 0.07616707616707617 0.04823151125401929
0 0.16339066339066338 0.8934887459807074 0.0687960687960688 0.05627009646302251
0 0.02334152334152334 0.944935691318328 0.04668304668304668 0.04421221864951769
1 0.9946764946764947 0.555064308681672 0.010647010647010647 0.07636655948553055
1 0.9963144963144963 0.7853697749196141 0.007371007371007371 0.07877813504823152
1 0.6175266175266175 0.3995176848874598 0.022113022113022112 0.0297427652733119
1 0.6195741195741196 0.5542604501607717 0.018018018018018018 0.02090032154340836
1 0.5728910728910729 0.577572347266881 0.05896805896805897 0.012861736334405145
1 0.5692055692055692 0.36897106109324757 0.05978705978705979 0.02491961414790997
1 0.4954954954954955 0.8352090032154341 0.015561015561015561 0.04581993569131833
1 0.5004095004095004 0.8685691318327974 0.025389025389025387 0.03536977491961415
1 0.5692055692055692 0.9497588424437299 0.03521703521703522 0.03858520900321544
1 0.14250614250614252 0.8428456591639871 0.025389025389025387 0.06752411575562701