2 0.7659709044908286 0.2347949080622348 0.30613535736875397 0.4695898161244696
0 0.6907020872865275 0.24575671852899575 0.05249841872232764 0.04809052333804809
0 0.6413662239089184 0.33734087694483733 0.06008855154965212 0.0884016973125884
0 0.5847564832384566 0.3178925035360679 0.05313092979127135 0.06364922206506365
2 0.5676786843769766 0.3408769448373409 0.07716635041113219 0.2835926449787836
1 0.6081593927893738 0.23267326732673269 0.010120177103099304 0.02616690240452617
1 0.6078431372549019 0.38437057991513435 0.008222643896268185 0.0297029702970297
1 0.8096141682479443 0.48408769448373407 0.0866540164452878 0.015558698727015558
1 0.7065148640101202 0.48125884016973125 0.03478810879190386 0.011315417256011316
1 0.6065781151170145 0.576025459688826 0.017077798861480076 0.05091937765205092
1 0.6068943706514864 0.7468175388967468 0.017710309930423784 0.13366336633663367
1 0.41840607210626185 0.8203677510608204 0.04933586337760911 0.01768033946251768
1 0.3213156230234029 0.2857142857142857 0.03099304237824162 0.013437057991513438
1 0.22422517394054395 0.28394625176803395 0.04680581910183428 0.018387553041018388
1 0.17267552182163187 0.5183875530410184 0.015812776723592662 0.07991513437057991
2 0.7643896268184693 0.6856435643564357 0.30613535736875397 0.3041018387553041
2 0.6761543327008223 0.9236209335219236 0.13029728020240355 0.15275813295615276
2 0.8323845667299178 0.905940594059406 0.16382036685641999 0.11244695898161244
2 0.8273244781783681 0.9844413012729845 0.17204301075268819 0.031117397454031116
0 0.8725490196078431 0.8631541725601132 0.04680581910183428 0.06647807637906648
0 0.857685009487666 0.9547383309759547 0.05313092979127135 0.09052333804809053
0 0.6872232764073372 0.8613861386138614 0.04554079696394687 0.060113154172560114
0 0.6062618595825426 0.8811881188118812 0.10120177103099304 0.060113154172560114
0 0.44275774826059455 0.6990806223479491 0.04490828589500316 0.07072135785007072
0 0.3991144845034788 0.6623055162659123 0.06008855154965212 0.07779349363507779
0 0.407337128399747 0.5275813295615276 0.053763440860215055 0.0685997171145686
2 0.5651486401012018 0.82001414427157 0.06957621758380772 0.18811881188118812
2 0.43548387096774194 0.42185289957567185 0.10373181530676787 0.26166902404526166
2 0.43390259329538267 0.5961810466760962 0.1068943706514864 0.07284299858557285
2 0.32479443390259327 0.3811881188118812 0.09487666034155598 0.1760961810466761
2 0.22707147375079065 0.36103253182461104 0.09297912713472485 0.13578500707213578
2 0.27166350411132195 0.5300565770862801 0.1846932321315623 0.20226308345120225
2 0.32574320050600886 0.6771570014144271 0.2903225806451613 0.06082036775106082
2 0.4108159392789374 0.768033946251768 0.12017710309930424 0.0884016973125884
2 0.3153067678684377 0.768033946251768 0.043010752688172046 0.09688826025459689
2 0.23023402909550916 0.7595473833097596 0.09424414927261227 0.10396039603960396
2 0.12270714737507907 0.6251768033946252 0.08159392789373814 0.1958981612446959
0 0.3172043010752688 0.4946958981612447 0.05186590765338393 0.06364922206506365
0 0.31404174573055027 0.6877652050919377 0.05439595192915876 0.06647807637906648
0 0.22549019607843138 0.6594766619519095 0.05313092979127135 0.08062234794908062
0 0.14800759013282733 0.6803394625176803 0.07653383934218849 0.0685997171145686