2 0.2333965844402277 0.7648514851485149 0.30613535736875397 0.47029702970297027
0 0.3092979127134725 0.7542432814710043 0.05249841872232764 0.04809052333804809
0 0.3586337760910816 0.6626591230551626 0.06008855154965212 0.0884016973125884
0 0.4152435167615433 0.6821074964639321 0.05313092979127135 0.06364922206506365
2 0.4323213156230234 0.6591230551626591 0.07716635041113219 0.2835926449787836
1 0.3918406072106262 0.7673267326732673 0.010120177103099304 0.02616690240452617
1 0.39215686274509803 0.6156294200848657 0.008222643896268185 0.0297029702970297
1 0.19038583175205567 0.5159123055162659 0.0866540164452878 0.015558698727015558
1 0.2934851359898798 0.5187411598302687 0.03478810879190386 0.011315417256011316
1 0.39342188488298546 0.423974540311174 0.017077798861480076 0.05091937765205092
1 0.3931056293485136 0.2531824611032532 0.017710309930423784 0.13366336633663367
1 0.5815939278937381 0.17963224893917965 0.04933586337760911 0.01768033946251768
1 0.6786843769765971 0.7142857142857143 0.03099304237824162 0.013437057991513438
1 0.775774826059456 0.7160537482319661 0.04680581910183428 0.018387553041018388
1 0.8273244781783681 0.4816124469589816 0.015812776723592662 0.07991513437057991
2 0.23561037318153066 0.31435643564356436 0.30613535736875397 0.3041018387553041
2 0.32321315623023406 0.07602545968882603 0.13029728020240355 0.15205091937765206
2 0.16761543327008221 0.09405940594059406 0.16382036685641999 0.11244695898161244
2 0.17204301075268819 0.015205091937765204 0.17204301075268819 0.03041018387553041
0 0.12745098039215685 0.13684582743988685 0.04680581910183428 0.06647807637906648
0 0.14168247944339027 0.04490806223479491 0.05313092979127135 0.08981612446958982
0 0.3127767235926629 0.13861386138613863 0.04554079696394687 0.060113154172560114
0 0.3937381404174573 0.1188118811881188 0.10120177103099304 0.060113154172560114
0 0.5572422517394054 0.3009193776520509 0.04490828589500316 0.07072135785007072
0 0.6008855154965211 0.33769448373408767 0.06008855154965212 0.07779349363507779
0 0.592662871600253 0.4724186704384724 0.053763440860215055 0.0685997171145686
2 0.43485135989879825 0.17998585572842998 0.06957621758380772 0.18811881188118812
2 0.5645161290322581 0.5781471004243282 0.10373181530676787 0.26166902404526166
2 0.5660974067046173 0.40381895332390383 0.1068943706514864 0.07284299858557285
2 0.6752055660974067 0.6188118811881188 0.09487666034155598 0.1760961810466761
2 0.7729285262492094 0.638967468175389 0.09297912713472485 0.13578500707213578
2 0.7283364958886781 0.46994342291371993 0.1846932321315623 0.20226308345120225
2 0.6742567994939912 0.32284299858557286 0.2903225806451613 0.06082036775106082
2 0.5891840607210627 0.23196605374823195 0.12017710309930424 0.0884016973125884
2 0.6846932321315623 0.23196605374823195 0.043010752688172046 0.09688826025459689
2 0.7697659709044908 0.24045261669024046 0.09424414927261227 0.10396039603960396
2 0.877292852624921 0.37482319660537483 0.08159392789373814 0.1958981612446959
0 0.6827956989247311 0.5053041018387553 0.05186590765338393 0.06364922206506365
0 0.6859582542694497 0.3122347949080622 0.05439595192915876 0.06647807637906648
0 0.7745098039215687 0.34052333804809054 0.05313092979127135 0.08062234794908062
0 0.8519924098671727 0.31966053748231965 0.07653383934218849 0.0685997171145686