1 0.08141403320835565 0.17807905106718844 0.03802892340653455 0.012488011996296547
1 0.12265666845206213 0.17907809202689215 0.04017139796464918 0.007492807197777928
1 0.1680503481521157 0.17732977034741065 0.041510444563470805 0.01098945055674093
1 0.2129084092126406 0.17782929082726248 0.0455275843599357 0.009990409597037238
1 0.25415104445634706 0.17982737274666993 0.03695768612747721 0.01098945055674093
1 0.046197107659346544 0.26849225792037523 0.004017139796464911 0.13337196812044688
1 0.04633101231922871 0.4970228774526016 0.005356186395286552 0.18382353658548486
1 0.07873594001071237 0.7572730474554211 0.0048205677557578985 0.1848225775451886
1 0.059319764327798605 0.6268982022140855 0.02222817354043921 0.01398657343585201
1 0.28561863952865557 0.7750060244901622 0.004552758435993565 0.042459240787408106
1 0.4617032672737011 0.423843127154304 0.0048205677557578985 0.027473626391852354
1 0.6056507766470273 0.18856898114407752 0.02597750401713972 0.011488971036592804
1 0.6384574183181575 0.1860713787448182 0.029994643813604727 0.01848225775451886
1 0.6669791108730584 0.1860713787448182 0.02811997857525439 0.01648417583511142
1 0.6963042313872523 0.18557185826496633 0.02678093197643272 0.017483216794815116
1 0.812131762185324 0.3039582119898574 0.049544724156400655 0.012488011996296497
1 0.8948848419925013 0.3059562939092648 0.044724156400642645 0.011488971036592752
1 0.8861810391001607 0.7138147657083094 0.03535083020889118 0.014985614395555754
1 0.8053026245313337 0.7138147657083094 0.04874129619710765 0.016983696314963243
1 0.7686127477236208 0.7460338366587543 0.008034279592929794 0.03246883119037087
1 0.7482592394215318 0.8866488517370532 0.029994643813604727 0.0159846553552595
1 0.5433851098018211 0.7542759245763101 0.007498660953401126 0.16384271739141038
2 0.25415104445634706 0.5339873929616393 0.41831815747187995 0.7193094909866797
2 0.3291376539903589 0.6743526478000123 0.08355650776647028 0.10889546460770567
2 0.2666041778253883 0.8484355350283858 0.03883235136582752 0.0924112887725943
2 0.2202731655061596 0.844189610949645 0.04686663095875737 0.07892423581659395
2 0.6547937868237814 0.31344910110704277 0.21960364220674888 0.2382712688893377
2 0.3434654525977504 0.09990409597037218 0.22897696839850024 0.1408647753182248
2 0.5166041778253884 0.448819151146897 0.04767005891805032 0.31220029990741305
2 0.6076593465452598 0.5427290013590469 0.1264059989287627 0.19731058954148503
2 0.6116764863417247 0.7592711293748287 0.1280128548473487 0.22878037977215232
2 0.7221478307445099 0.8292039965540892 0.09292983395822185 0.10589834172859444
2 0.7891001606855919 0.5382333170403801 0.23219068023567213 0.48603342689586077
2 0.9313069094804499 0.499520479851861 0.03883235136582752 0.07392903101807544
2 0.9065345474022496 0.6306446058129744 0.08837707552222818 0.15834799211304
2 0.9066684520621318 0.3776374827680069 0.08703802892340651 0.14985614395555827
0 0.5403053026245314 0.40036566460126655 0.07632565613283337 0.07742567437703844
0 0.5409748259239422 0.5095108894488981 0.07230851633636859 0.07892423581659395
0 0.6942956614890198 0.4195972030755632 0.03347616497054107 0.06893382621955682
0 0.7824049276914836 0.36265186837245106 0.035618639528655516 0.06493766238074195
0 0.6893411890733797 0.549472527837047 0.04231387252276386 0.0639386214210382
0 0.6849223352972683 0.7417879125800135 0.036154258168184183 0.060941498541926965
0 0.7291108730583824 0.7530271233766803 0.03347616497054107 0.06643622382029757
0 0.8801553294054633 0.5619605398333436 0.0329405463310124 0.06593670334044568
0 0.8972951258703803 0.4952745557731202 0.036154258168184183 0.06743526478000125
0 0.8801553294054633 0.4320852150718597 0.03026245313336906 0.055946293743408454
0 0.32940546331012316 0.5981757746226035 0.02945902517407606 0.06144101902177884
0 0.3271290840921264 0.736792707781495 0.03561863952865563 0.10589834172859444
0 0.2675415104445635 0.65362254788616 0.027316550615961388 0.04745444558592683
0 0.2775843599357258 0.6975803501131238 0.03561863952865563 0.04745444558592683
0 0.2711569362613819 0.3059562939092648 0.04418853776111409 0.04345828174711185
0 0.18813604713444027 0.7762548256897919 0.025441885377611162 0.04495684318666747
0 0.22978039635779324 0.7924892412849773 0.026780931976432776 0.04745444558592683
0 0.2584359935725763 0.7904911593655699 0.018746652383502926 0.04345828174711185