1 0.671630859375 0.04143897996357013 0.005859375 0.0692167577413479
1 0.3525390625 0.10018214936247723 0.02294921875 0.00819672131147541
1 0.540771484375 0.4285063752276867 0.0146484375 0.009107468123861567
1 0.6669921875 0.6971766848816029 0.00634765625 0.0482695810564663
1 0.668212890625 0.7581967213114754 0.009765625 0.05555555555555555
1 0.668212890625 0.8114754098360656 0.0087890625 0.052823315118397086
1 0.66845703125 0.8661202185792349 0.00927734375 0.05009107468123861
1 0.3681640625 0.9968123861566485 0.017578125 0.006375227686703097
1 0.292724609375 0.9631147540983607 0.0087890625 0.05555555555555555
1 0.36376953125 0.581056466302368 0.087890625 0.01366120218579235
2 0.4814453125 0.21584699453551912 0.3857421875 0.43169398907103823
2 0.406494140625 0.18123861566484517 0.05859375 0.1557377049180328
2 0.313232421875 0.06466302367941712 0.04931640625 0.07285974499089254
2 0.315185546875 0.01092896174863388 0.04248046875 0.02185792349726776
2 0.60009765625 0.7887067395264117 0.1279296875 0.4098360655737705
2 0.714599609375 0.21083788706739526 0.07568359375 0.4216757741347905
2 0.52734375 0.5309653916211293 0.16748046875 0.08925318761384335
2 0.47705078125 0.7008196721311475 0.10595703125 0.23588342440801457
2 0.361083984375 0.7081056466302368 0.12255859375 0.23861566484517305
2 0.3232421875 0.9139344262295082 0.056640625 0.1721311475409836
2 0.4794921875 0.9112021857923497 0.2607421875 0.17759562841530055
0 0.553466796875 0.575136612021858 0.04150390625 0.14207650273224043
0 0.494873046875 0.5765027322404371 0.04248046875 0.13479052823315119
0 0.543212890625 0.8624772313296903 0.037109375 0.06284153005464481
0 0.473388671875 0.8533697632058288 0.0341796875 0.07923497267759563
0 0.370361328125 0.8447176684881603 0.03271484375 0.06739526411657559
0 0.3642578125 0.9271402550091075 0.03564453125 0.06284153005464481
0 0.447265625 0.18169398907103826 0.03271484375 0.0546448087431694
0 0.373046875 0.17759562841530055 0.056640625 0.06648451730418943
0 0.417724609375 0.06648451730418943 0.025390625 0.051001821493624776
0 0.39404296875 0.08515482695810565 0.025390625 0.06648451730418943
0 0.60400390625 0.07331511839708561 0.0234375 0.08196721311475409
0 0.34326171875 0.010473588342440802 0.025390625 0.020947176684881604
0 0.34423828125 0.04963570127504554 0.0234375 0.03460837887067395