1 0.328369140625 0.9585610200364298 0.005859375 0.0692167577413479
1 0.6474609375 0.8998178506375227 0.02294921875 0.00819672131147541
1 0.459228515625 0.5714936247723132 0.0146484375 0.009107468123861567
1 0.3330078125 0.3028233151183971 0.00634765625 0.0482695810564663
1 0.331787109375 0.24180327868852458 0.009765625 0.05555555555555555
1 0.331787109375 0.1885245901639344 0.0087890625 0.052823315118397086
1 0.33154296875 0.13387978142076504 0.00927734375 0.05009107468123861
1 0.6318359375 0.0031876138433515485 0.017578125 0.006375227686703097
1 0.707275390625 0.036885245901639344 0.0087890625 0.05555555555555555
1 0.63623046875 0.41894353369763204 0.087890625 0.01366120218579235
2 0.51806640625 0.7841530054644809 0.3857421875 0.43169398907103823
2 0.593505859375 0.8187613843351548 0.05859375 0.1557377049180328
2 0.686767578125 0.9353369763205829 0.04931640625 0.07285974499089254
2 0.684326171875 0.9890710382513661 0.04248046875 0.02185792349726776
2 0.39990234375 0.21129326047358835 0.1279296875 0.4098360655737705
2 0.285400390625 0.7891621129326047 0.07568359375 0.4216757741347905
2 0.47265625 0.4690346083788707 0.16748046875 0.08925318761384335
2 0.52294921875 0.29918032786885246 0.10595703125 0.23588342440801457
2 0.638916015625 0.2918943533697632 0.12255859375 0.23861566484517305
2 0.67626953125 0.0860655737704918 0.056640625 0.1721311475409836
2 0.5205078125 0.08879781420765027 0.2607421875 0.17759562841530055
0 0.446533203125 0.4248633879781421 0.04150390625 0.14207650273224043
0 0.505126953125 0.42349726775956287 0.04248046875 0.13479052823315119
0 0.456787109375 0.13752276867030966 0.037109375 0.06284153005464481
0 0.526611328125 0.14663023679417123 0.0341796875 0.07923497267759563
0 0.629638671875 0.1552823315118397 0.03271484375 0.06739526411657559
0 0.6357421875 0.07285974499089254 0.03564453125 0.06284153005464481
0 0.552734375 0.8183060109289617 0.03271484375 0.0546448087431694
0 0.626953125 0.8224043715846995 0.056640625 0.06648451730418943
0 0.582275390625 0.9335154826958105 0.025390625 0.051001821493624776
0 0.60595703125 0.9148451730418944 0.025390625 0.06648451730418943
0 0.39599609375 0.9266848816029144 0.0234375 0.08196721311475409
0 0.65673828125 0.9895264116575592 0.025390625 0.020947176684881604
0 0.65576171875 0.9503642987249544 0.0234375 0.03460837887067395