2 0.25835561497326204 0.45020746887966806 0.39237967914438504 0.3748271092669433
2 0.5143716577540107 0.4405255878284924 0.12232620320855615 0.22544951590594745
2 0.3820187165775401 0.17254495159059474 0.14505347593582887 0.17911479944674966
2 0.17914438502673796 0.17116182572614108 0.23529411764705882 0.16390041493775934
1 0.17045454545454544 0.07710926694329184 0.08021390374331551 0.024204702627939143
1 0.4672459893048128 0.1462655601659751 0.02807486631016043 0.056016597510373446
1 0.25935828877005346 0.6369294605809128 0.10026737967914438 0.029045643153526972
1 0.06049465240641711 0.49688796680497926 0.02874331550802139 0.07814661134163209
0 0.4164438502673797 0.2921853388658368 0.026737967914438502 0.024204702627939143
0 0.5949197860962567 0.415283540802213 0.04946524064171123 0.09474412171507607
0 0.4675802139037433 0.42012448132780084 0.032754010695187165 0.08506224066390042