2 0.8789370078740157 0.2862362971985384 0.2421259842519685 0.1851400730816078
2 0.7083333333333334 0.2417783191230207 0.07020997375328084 0.09866017052375152
2 0.708989501312336 0.3380024360535932 0.07939632545931759 0.08160779537149818
2 0.5485564304461942 0.2862362971985384 0.24146981627296588 0.19123020706455543
2 0.4596456692913386 0.4330085261875761 0.0610236220472441 0.09013398294762484
2 0.369750656167979 0.43087697929354446 0.09776902887139108 0.10048721071863581
2 0.49048556430446194 0.5511571254567601 0.1279527559055118 0.12545676004872108
2 0.48884514435695536 0.662911084043849 0.1220472440944882 0.08343483556638245
2 0.4891732283464567 0.75 0.12532808398950132 0.06516443361753958
2 0.7483595800524935 0.5816077953714982 0.5032808398950132 0.3934226552984166
2 0.9399606299212598 0.4336175395858709 0.12007874015748031 0.0925700365408039
1 0.824475065616798 0.18696711327649207 0.11876640419947507 0.018270401948842874
1 0.5849737532808399 0.18940316686967112 0.10958005249343832 0.01705237515225335
1 0.8503937007874016 0.78836784409257 0.2440944881889764 0.014007308160779537
1 0.6272965879265092 0.7868453105968332 0.1141732283464567 0.010962241169305725
1 0.4202755905511811 0.5505481120584653 0.019028871391076115 0.06577344701583435
0 0.5757874015748031 0.7366017052375152 0.07283464566929133 0.055420219244823384
0 0.125 0.8492691839220463 0.1594488188976378 0.08221680876979294
0 0.2637795275590551 0.5292326431181485 0.10236220472440945 0.09622411693057248
0 0.24015748031496062 0.33160779537149815 0.05774278215223097 0.055420219244823384
0 0.3937007874015748 0.4299634591961023 0.07217847769028872 0.05968331303288672
0 0.4708005249343832 0.4278319123020706 0.07283464566929133 0.06638246041412911
0 0.5269028871391076 0.4655907429963459 0.05511811023622047 0.05907429963459196
0 0.5219816272965879 0.5980511571254568 0.043963254593175856 0.05237515225334957
0 0.9009186351706037 0.36632155907429964 0.048556430446194225 0.05663824604141291
0 0.7821522309711286 0.36144945188794153 0.06430446194225722 0.06394640682095006
0 0.7240813648293963 0.40225334957369063 0.04921259842519685 0.05785627283800244
0 0.598753280839895 0.3687576126674787 0.0636482939632546 0.05785627283800244
0 0.6515748031496063 0.24573690621193667 0.049868766404199474 0.04811205846528624
2 0.1141732283464567 0.3879415347137637 0.1994750656167979 0.18270401948842874
2 0.1167979002624672 0.6513398294762485 0.19553805774278216 0.31729598051157126