2 0.5782024062278839 0.8626760563380281 0.1875442321302194 0.08962868117797695
2 0.578556263269639 0.7295134443021767 0.18259023354564755 0.1446862996158771
2 0.8230714791224345 0.7861715749039693 0.27530077848549184 0.25160051216389245
2 0.4968152866242038 0.4894366197183099 0.9249823071479123 0.30985915492957744
2 0.36659589525831565 0.4295774647887324 0.21443736730360935 0.18758002560819462
2 0.13906581740976645 0.427336747759283 0.2024062278839349 0.19206145966709348
2 0.36482661004954 0.2003841229193342 0.6426043878273178 0.22855313700384122
0 0.546001415428167 0.31946222791293216 0.09624911535739561 0.04801536491677337
0 0.16206652512384997 0.32298335467349554 0.10261854210898796 0.05505761843790013
0 0.2356687898089172 0.37964148527528807 0.040339702760084924 0.06209987195902689
0 0.017338995046001414 0.19302176696542894 0.03467799009200283 0.0646606914212548
0 0.4578910120311394 0.7493597951344431 0.06723283793347487 0.08194622279129321
0 0.5544939844302902 0.8047375160051217 0.07784854918612881 0.04801536491677337
1 0.5636942675159236 0.07554417413572344 0.11323425336164189 0.02112676056338028
1 0.39738145789101204 0.07714468629961588 0.19532908704883228 0.024327784891165175
1 0.6992215145081387 0.21830985915492956 0.027600849256900213 0.15172855313700384
1 0.3895966029723992 0.32522407170294493 0.07218683651804671 0.017285531370038413
1 0.16100495399858458 0.07426376440460948 0.19249823071479122 0.02112676056338028
1 0.019462137296532202 0.2628040973111396 0.019815994338287332 0.046094750320102434
1 0.021585279547062988 0.4151728553137004 0.029723991507430998 0.088348271446863
1 0.022292993630573247 0.5701024327784892 0.039631988676574664 0.08194622279129321
1 0.8287331917905166 0.3265044814340589 0.09695682944090588 0.02240717029449424
1 0.9713375796178344 0.49231754161331626 0.03255484784147204 0.09282970550576185
1 0.970276008492569 0.7823303457106274 0.02335456475583864 0.08386683738796415
0 0.7537154989384289 0.6440460947503202 0.10969568294409059 0.04673495518565941