2 0.42179759377211606 0.13732394366197184 0.1875442321302194 0.08962868117797695
2 0.42144373673036095 0.2704865556978233 0.18259023354564755 0.1446862996158771
2 0.17692852087756547 0.21382842509603073 0.27530077848549184 0.25160051216389245
2 0.5031847133757962 0.5105633802816901 0.9249823071479123 0.30985915492957744
2 0.6334041047416844 0.5704225352112676 0.21443736730360935 0.18758002560819462
2 0.8609341825902336 0.572663252240717 0.2024062278839349 0.19206145966709348
2 0.63517338995046 0.7996158770806658 0.6426043878273178 0.22855313700384122
0 0.45399858457183295 0.6805377720870679 0.09624911535739561 0.04801536491677337
0 0.83793347487615 0.6770166453265045 0.10261854210898796 0.05505761843790013
0 0.7643312101910829 0.6203585147247119 0.040339702760084924 0.06209987195902689
0 0.9823071479122435 0.8063380281690141 0.035385704175513094 0.0646606914212548
0 0.5421089879688605 0.250640204865557 0.06723283793347487 0.08194622279129321
0 0.4455060155697098 0.19526248399487836 0.07784854918612881 0.04801536491677337
1 0.43630573248407645 0.9244558258642765 0.11323425336164189 0.02112676056338028
1 0.602618542108988 0.9228553137003841 0.19532908704883228 0.024327784891165175
1 0.3007784854918613 0.7816901408450704 0.027600849256900213 0.15172855313700384
1 0.6104033970276008 0.674775928297055 0.07218683651804671 0.017285531370038413
1 0.8389950460014154 0.9257362355953905 0.19249823071479122 0.02112676056338028
1 0.9805378627034678 0.7371959026888605 0.019815994338287332 0.046094750320102434
1 0.978414720452937 0.5848271446862996 0.029723991507430998 0.088348271446863
1 0.9777070063694268 0.4298975672215109 0.039631988676574664 0.08194622279129321
1 0.17126680820948337 0.6734955185659411 0.09695682944090588 0.02240717029449424
1 0.028662420382165606 0.5076824583866837 0.03255484784147204 0.09282970550576185
1 0.029723991507430998 0.2176696542893726 0.02335456475583864 0.08386683738796415
0 0.24628450106157113 0.3559539052496799 0.10969568294409059 0.04673495518565941