2 0.23872812920592193 0.1555101241491486 0.08580080753701208 0.1679637069865548
2 0.3129205921938089 0.14018263758003335 0.07065948855989235 0.1526362204174395
2 0.4158815612382234 0.14784638086459098 0.13257065948855984 0.1577453826071446
2 0.33630551816958276 0.7963906563202806 0.1187752355316285 0.17498880499739936
2 0.12634589502018842 0.7232657724801265 0.08781965006729475 0.30718837665601845
2 0.1933041722745626 0.38829632641758666 0.22039030955585467 0.3308182517834044
2 0.2032301480484522 0.43459810876178906 0.06729475100942128 0.09515814578325728
2 0.26850605652759085 0.4358753993092153 0.061911170928667575 0.09771272687810977
2 0.2224091520861373 0.5955367177374994 0.1002691790040377 0.20883700450419546
2 0.33277254374158816 0.5482769674827273 0.11036339165545084 0.2931381806343295
2 0.44565948855989235 0.5837217801738063 0.11541049798115743 0.23757604182128658
2 0.4433041722745626 0.3464650609893763 0.12685060565275907 0.2267190721681633
2 0.6914535666218035 0.5885116197266548 0.12920592193808877 0.21266887614647423
2 0.7853297442799462 0.7708448453717551 0.11170928667563929 0.13156092638490602
2 0.857335127860027 0.5604112276832769 0.19448183041722755 0.2612059169486727
2 0.7173620457604307 0.4352367540355022 0.05854643337819643 0.07855336866671572
2 0.656628532974428 0.4333208182143628 0.057537012113055175 0.07727607811928944
2 0.5778936742934051 0.4333208182143628 0.08310901749663535 0.0849398214038471
2 0.6966689098250336 0.17243422390254673 0.09253028263795415 0.19414816320879333
2 0.7698519515477793 0.1366700885746111 0.05248990578734869 0.13794737912203736
2 0.7444481830417228 0.24300452664784825 0.4283310901749664 0.3506162552685117
1 0.2611036339165545 0.06578046319245301 0.03297442799461639 0.016604777116541545
1 0.3203230148048452 0.06194859155017419 0.032301480484522194 0.02171393930624662
1 0.382907133243607 0.06386452737131361 0.02826379542395696 0.022991229853672895
1 0.484185733512786 0.3036758276505962 0.006729475100942128 0.10665376071009376
1 0.5068977119784657 0.5814865217158104 0.00841184387617755 0.0989900174255361
1 0.43203230148048455 0.7076189632741546 0.05652759084791392 0.017882067663967896
1 0.3063593539703903 0.7057030274530153 0.05484522207267839 0.026823101495951636
1 0.2414199192462988 0.7057030274530153 0.05282637954239566 0.0166047771165415
1 0.6228129205921938 0.5996879120166347 0.008075370121130465 0.06514181791873981
1 0.6884253028263796 0.7025098010844496 0.055854643337819754 0.017882067663967896
1 0.8924966352624495 0.7031484463581628 0.05551816958277245 0.0166047771165415
1 0.9618102288021534 0.5715875199732567 0.007738896366083381 0.10601511543638056
1 0.9377523553162853 0.2972893749134648 0.00605652759084796 0.10409917961524118
1 0.8381561238223418 0.06386452737131361 0.021534320323014722 0.015327486569115258
1 0.7760767160161507 0.06897368956101868 0.023216689098250365 0.025545810948525448
1 0.6996971736204576 0.06641910846616615 0.05349932705248994 0.017882067663967813
1 0.6475437415881561 0.1446531544960253 0.0070659488559892125 0.04662110498105892
1 0.5827725437415882 0.22033261943103194 0.03499327052489898 0.02043664875882038
0 0.27893674293405113 0.17051828808140732 0.04104979811574694 0.06258723682388732
0 0.34135262449528936 0.15455215623857893 0.028600269179004045 0.051091621897050896
0 0.38896366083445494 0.3250704443199863 0.03903095558546432 0.05620078408675596
0 0.36305518169582773 0.24523978510584424 0.026917900403768513 0.06258723682388732
0 0.2873485868102288 0.3276250254148388 0.037685060565275874 0.06130994627646103
0 0.29576043068640645 0.4764293741899994 0.04172274562584122 0.058755365181608496
0 0.26345895020188426 0.5204958980762059 0.032301480484522194 0.06386452737131362
0 0.21938088829071334 0.5054877341439471 0.025572005383580065 0.04662110498105902
0 0.15208613728129206 0.5910662008215074 0.03364737550471064 0.07216691592958448
0 0.0883243606998654 0.7650970379083369 0.038021534320323014 0.06258723682388721
0 0.18304172274562586 0.7491309060655085 0.03499327052489909 0.060032655729034844
0 0.3667563930013459 0.7082576085478679 0.03566621803499326 0.13922466966946356
0 0.3993943472409152 0.5543440975830021 0.03903095558546432 0.06641910846616621
0 0.5810901749663526 0.41001026572383337 0.03432032301480481 0.06897368956101868
0 0.7574024226110363 0.2343828154527209 0.02893674293405124 0.06003265572903479
0 0.7338492597577388 0.2612059169486726 0.03364737550471064 0.08430117613013396
0 0.7203903095558547 0.49718534558567634 0.02759084791386268 0.05811671990789535
0 0.7701884253028264 0.5386972883770302 0.032301480484522305 0.10793105125752006
0 0.8206594885598923 0.704425736905589 0.03835800807537004 0.13156092638490602
1 0.7747308209959624 0.7057030274530153 0.021870794078061806 0.02426852040109926