2 0.681396484375 0.042632066728452274 0.08837890625 0.08526413345690455
2 0.689453125 0.14504170528266913 0.08056640625 0.13438368860055608
2 0.685546875 0.340129749768304 0.0830078125 0.2520852641334569
2 0.34375 0.18952734012974976 0.09228515625 0.22520852641334568
2 0.558837890625 0.06348470806302131 0.17431640625 0.12696941612604262
2 0.53369140625 0.060704355885078776 0.05126953125 0.11770157553290084
2 0.449462890625 0.033827618164967564 0.10986328125 0.06765523632993513
2 0.474609375 0.18257645968489342 0.154296875 0.20945319740500462
2 0.455810546875 0.39666357738646896 0.125 0.21872103799814643
2 0.580810546875 0.3924930491195551 0.11962890625 0.24096385542168675
2 0.453369140625 0.8632993512511585 0.11181640625 0.24559777571825764
2 0.357421875 0.9675625579240037 0.0693359375 0.06487488415199258
2 0.5341796875 0.91241890639481 0.04150390625 0.11121408711770157
2 0.53515625 0.7974976830398517 0.04052734375 0.10936051899907322
2 0.53515625 0.6478220574606117 0.044921875 0.15755329008341057
2 0.672607421875 0.8734939759036144 0.10205078125 0.17608897126969417
2 0.691162109375 0.9810009267840594 0.07275390625 0.037998146431881374
2 0.63525390625 0.7784986098239111 0.1845703125 0.44300278035217794
1 0.728759765625 0.04633920296570899 0.0087890625 0.06302131603336422
1 0.730712890625 0.15894346617238184 0.01123046875 0.061167747914735865
1 0.729736328125 0.2775718257645968 0.01220703125 0.05375347544022243
1 0.603515625 0.46987951807228917 0.05615234375 0.012974976830398516
1 0.45703125 0.5129749768303985 0.05224609375 0.015755329008341055
1 0.390625 0.371177015755329 0.00927734375 0.10750695088044486
1 0.3916015625 0.13253012048192772 0.01416015625 0.10379981464318813
1 0.3916015625 0.029657089898053754 0.0087890625 0.05931417979610751
1 0.447509765625 0.7330861909175163 0.0341796875 0.015755329008341055
1 0.393310546875 0.8577386468952733 0.00927734375 0.1056533827618165
1 0.728515625 0.8790546802594995 0.00927734375 0.10194624652455977
1 0.687255859375 0.7798887859128822 0.0244140625 0.012974976830398516
1 0.6474609375 0.6570898980537535 0.0107421875 0.06672845227062095
0 0.673583984375 0.08063021316033364 0.033203125 0.0778498609823911
0 0.681884765625 0.19879518072289157 0.02685546875 0.05468025949953661
0 0.592041015625 0.2891566265060241 0.02978515625 0.07414272474513438
0 0.63427734375 0.24003707136237257 0.033203125 0.05097312326227989
0 0.5908203125 0.0963855421686747 0.0322265625 0.07136237256719184
0 0.512451171875 0.11214087117701575 0.03076171875 0.07877664504170528
0 0.4892578125 0.05097312326227989 0.03369140625 0.061167747914735865
0 0.390380859375 0.2469879518072289 0.0732421875 0.06765523632993513
0 0.471435546875 0.30908248378127895 0.03515625 0.07414272474513438
0 0.54736328125 0.6538461538461539 0.0361328125 0.06487488415199258
0 0.639892578125 0.9805375347544022 0.03173828125 0.03892493049119555
0 0.625732421875 0.9439295644114921 0.04443359375 0.0639481000926784
0 0.50146484375 0.9184430027803522 0.03076171875 0.05282669138090825
0 0.4794921875 0.9911955514365153 0.056640625 0.017608897126969416