2 0.23876953125 0.1556997219647822 0.0859375 0.16774791473586653
2 0.31298828125 0.14040778498609824 0.07080078125 0.15291936978683968
2 0.415771484375 0.14782205746061167 0.1328125 0.15755329008341057
2 0.33642578125 0.7965708989805376 0.11865234375 0.17516218721038
2 0.12646484375 0.7233549582947173 0.087890625 0.30676552363299353
2 0.193359375 0.38832252085264135 0.22021484375 0.33086190917516217
2 0.203125 0.43466172381835033 0.0673828125 0.09545875810936053
2 0.2685546875 0.43605189990732157 0.06201171875 0.09731232622798888
2 0.222412109375 0.5954587581093606 0.10009765625 0.20852641334569044
2 0.332763671875 0.5481927710843374 0.1103515625 0.2928637627432808
2 0.445556640625 0.5838739573679332 0.115234375 0.23725671918443003
2 0.443359375 0.34661723818350326 0.126953125 0.22706209453197404
2 0.69140625 0.5885078776645042 0.12939453125 0.21223354958294718
2 0.785400390625 0.7706209453197405 0.11181640625 0.13160333642261354
2 0.857421875 0.5602409638554217 0.1943359375 0.26135310472659873
2 0.71728515625 0.4351251158480074 0.05859375 0.07877664504170528
2 0.65673828125 0.43327154772937904 0.0576171875 0.07692307692307693
2 0.577880859375 0.43327154772937904 0.0830078125 0.08526413345690455
2 0.69677734375 0.17238183503243745 0.0927734375 0.1936978683966636
2 0.769775390625 0.13670064874884152 0.05224609375 0.1380908248378128
2 0.744384765625 0.2428174235403151 0.42822265625 0.35032437442076
1 0.260986328125 0.06580166821130677 0.033203125 0.016682113067655237
1 0.3203125 0.06209453197405004 0.0322265625 0.021316033364226137
1 0.3828125 0.0639481000926784 0.0283203125 0.023169601482854494
1 0.484130859375 0.3035217794253939 0.0068359375 0.10658016682113068
1 0.5068359375 0.5815569972196478 0.00830078125 0.09916589434661724
1 0.43212890625 0.7075996292863763 0.056640625 0.017608897126969416
1 0.306396484375 0.705746061167748 0.0546875 0.026876737720111215
1 0.241455078125 0.705746061167748 0.052734375 0.016682113067655237
1 0.622802734375 0.5996292863762743 0.00830078125 0.06487488415199258
1 0.6884765625 0.7025023169601483 0.0556640625 0.017608897126969416
1 0.892578125 0.7029657089898054 0.0556640625 0.016682113067655237
1 0.9619140625 0.5713623725671918 0.0078125 0.1056533827618165
1 0.937744140625 0.2974976830398517 0.005859375 0.10379981464318813
1 0.838134765625 0.0639481000926784 0.021484375 0.015755329008341055
1 0.776123046875 0.0690454124189064 0.0234375 0.025949953660797033
1 0.69970703125 0.06626506024096386 0.0537109375 0.017608897126969416
1 0.6474609375 0.14457831325301204 0.0068359375 0.04633920296570899
1 0.582763671875 0.2201112140871177 0.03515625 0.020389249304911955
0 0.279052734375 0.1705282669138091 0.041015625 0.06302131603336422
0 0.34130859375 0.15477293790546803 0.02880859375 0.05097312326227989
0 0.388916015625 0.3253012048192771 0.0390625 0.056533827618164965
0 0.363037109375 0.24513438368860055 0.02685546875 0.06302131603336422
0 0.287353515625 0.3276181649675626 0.03759765625 0.061167747914735865
0 0.295654296875 0.4763670064874884 0.04150390625 0.05838739573679333
0 0.263427734375 0.5203892493049119 0.0322265625 0.0639481000926784
0 0.219482421875 0.5055607043558851 0.025390625 0.04633920296570899
0 0.152099609375 0.5912882298424467 0.03369140625 0.07228915662650602
0 0.08837890625 0.7650602409638554 0.0380859375 0.06302131603336422
0 0.18310546875 0.7493049119555144 0.03515625 0.060240963855421686
0 0.36669921875 0.7080630213160334 0.03564453125 0.13901760889712697
0 0.3994140625 0.5542168674698795 0.0390625 0.06672845227062095
0 0.5810546875 0.4101019462465246 0.0341796875 0.0685820203892493
0 0.75732421875 0.2344763670064875 0.02880859375 0.060240963855421686
0 0.73388671875 0.26135310472659873 0.03369140625 0.08433734939759036
0 0.720458984375 0.49721964782205746 0.02783203125 0.05838739573679333
0 0.770263671875 0.5389249304911955 0.0322265625 0.10750695088044486
0 0.820556640625 0.7043558850787767 0.03857421875 0.13160333642261354
1 0.774658203125 0.705746061167748 0.02197265625 0.024096385542168676