2 0.80224609375 0.60546875 0.1005859375 0.421875
2 0.67138671875 0.7535807291666666 0.1357421875 0.12369791666666667
2 0.56494140625 0.7561848958333334 0.06396484375 0.126953125
2 0.49560546875 0.75390625 0.0625 0.12239583333333333
2 0.530029296875 0.447265625 0.412109375 0.458984375
2 0.387939453125 0.6656901041666666 0.1279296875 0.29296875
2 0.51025390625 0.3694661458333333 0.07861328125 0.11979166666666667
2 0.509033203125 0.259765625 0.076171875 0.08984375
2 0.39453125 0.3268229166666667 0.13720703125 0.21158854166666666
2 0.261474609375 0.4752604166666667 0.1044921875 0.189453125
1 0.7412109375 0.28125 0.00830078125 0.07421875
1 0.73974609375 0.3636067708333333 0.01025390625 0.07161458333333333
1 0.7431640625 0.5654296875 0.0126953125 0.09114583333333333
1 0.316650390625 0.6484375 0.01171875 0.08984375
1 0.318115234375 0.3053385416666667 0.01171875 0.076171875
1 0.392333984375 0.21484375 0.07568359375 0.021484375
0 0.759033203125 0.7333984375 0.0537109375 0.059895833333333336
0 0.758544921875 0.43359375 0.04833984375 0.055338541666666664
0 0.645751953125 0.6627604166666666 0.04833984375 0.06966145833333333
0 0.616455078125 0.7236328125 0.04931640625 0.06380208333333333
0 0.5458984375 0.7255859375 0.0498046875 0.06575520833333333
0 0.5234375 0.4137369791666667 0.04296875 0.06510416666666667
0 0.48046875 0.2789713541666667 0.04931640625 0.051432291666666664
0 0.438232421875 0.4143880208333333 0.046875 0.06770833333333333
0 0.427734375 0.548828125 0.037109375 0.06380208333333333
0 0.29833984375 0.474609375 0.046875 0.06575520833333333