2 0.19775390625 0.39453125 0.1005859375 0.421875
2 0.32861328125 0.24641927083333334 0.1357421875 0.12369791666666667
2 0.43505859375 0.24381510416666666 0.06396484375 0.126953125
2 0.50439453125 0.24609375 0.0625 0.12239583333333333
2 0.469970703125 0.552734375 0.412109375 0.458984375
2 0.612060546875 0.3343098958333333 0.1279296875 0.29296875
2 0.48974609375 0.6305338541666666 0.07861328125 0.11979166666666667
2 0.490966796875 0.740234375 0.076171875 0.08984375
2 0.60546875 0.6731770833333334 0.13720703125 0.21158854166666666
2 0.738525390625 0.5247395833333334 0.1044921875 0.189453125
1 0.2587890625 0.71875 0.00830078125 0.07421875
1 0.26025390625 0.6363932291666666 0.01025390625 0.07161458333333333
1 0.2568359375 0.4345703125 0.0126953125 0.09114583333333333
1 0.683349609375 0.3515625 0.01171875 0.08984375
1 0.681884765625 0.6946614583333334 0.01171875 0.076171875
1 0.607666015625 0.78515625 0.07568359375 0.021484375
0 0.240966796875 0.2666015625 0.0537109375 0.059895833333333336
0 0.241455078125 0.56640625 0.04833984375 0.055338541666666664
0 0.354248046875 0.3372395833333333 0.04833984375 0.06966145833333333
0 0.383544921875 0.2763671875 0.04931640625 0.06380208333333333
0 0.4541015625 0.2744140625 0.0498046875 0.06575520833333333
0 0.4765625 0.5862630208333334 0.04296875 0.06510416666666667
0 0.51953125 0.7210286458333334 0.04931640625 0.051432291666666664
0 0.561767578125 0.5856119791666666 0.046875 0.06770833333333333
0 0.572265625 0.451171875 0.037109375 0.06380208333333333
0 0.70166015625 0.525390625 0.046875 0.06575520833333333