2 0.579119850187266 0.0970661672908864 0.31647940074906367 0.13420724094881398
2 0.6900749063670412 0.27153558052434457 0.0926966292134832 0.18102372034956304
2 0.6921816479400749 0.4135455680399501 0.09503745318352053 0.08551810237203498
2 0.6905430711610487 0.5059300873907616 0.09176029962546828 0.0830212234706617
2 0.46044007490636707 0.4600499375780274 0.3441011235955056 0.5493133583021224
2 0.6242977528089888 0.6495006242197253 0.21956928838951306 0.17041198501872654
2 0.40215355805243447 0.48626716604244696 0.0898876404494382 0.10486891385767787
2 0.3197565543071161 0.48782771535580527 0.0674157303370787 0.10174781523096128
2 0.37008426966292135 0.6407615480649188 0.1587078651685393 0.18289637952559298
2 0.4815074906367041 0.8180399500624219 0.1418539325842697 0.13920099875156064
1 0.33590823970037453 0.17852684144818975 0.05571161048689133 0.011235955056179803
1 0.3977059925093633 0.18039950062421972 0.05383895131086147 0.013732833957553092
1 0.5491573033707865 0.17571785268414483 0.06835205992509352 0.016853932584269666
1 0.6114232209737828 0.7443820224719101 0.0674157303370786 0.015605493133583023
1 0.3539325842696629 0.7425093632958801 0.05711610486891383 0.015605493133583023
1 0.2860486891385768 0.6435705368289638 0.015917602996254665 0.10112359550561793
0 0.6750936329588015 0.15449438202247193 0.04494382022471921 0.0717852684144819
0 0.45014044943820225 0.15511860174781525 0.04166666666666663 0.06429463171036205
0 0.6221910112359551 0.3055555555555555 0.05243445692883886 0.06429463171036202
0 0.6676029962546817 0.3448813982521848 0.047752808988763995 0.06554307116104867
0 0.6692415730337079 0.4388264669163546 0.04915730337078661 0.06616729088639195
0 0.4353932584269663 0.46878901373283394 0.048689138576779034 0.05742821473158551
0 0.3342696629213483 0.5259051186017478 0.03838951310861427 0.06554307116104867
0 0.43586142322097376 0.5823970037453183 0.050561797752809 0.06242197253433209
0 0.5365168539325843 0.596441947565543 0.047752808988763995 0.049313358302122356
0 0.48103932584269665 0.7690387016229713 0.0491573033707865 0.06242197253433209