2 0.562962962962963 0.10987654320987654 0.36790123456790125 0.21975308641975308
2 0.6682098765432098 0.33415637860082303 0.16419753086419753 0.19835390946502057
2 0.4148148148148148 0.457201646090535 0.10679012345679012 0.13004115226337448
2 0.5638888888888889 0.5843621399176955 0.37037037037037035 0.6954732510288066
2 0.5617283950617284 0.9740740740740741 0.3728395061728395 0.05185185185185185
0 0.5570987654320988 0.33497942386831275 0.06296296296296296 0.07489711934156379
0 0.5114197530864197 0.19753086419753085 0.06666666666666667 0.09465020576131687
0 0.4935185185185185 0.4596707818930041 0.06419753086419754 0.07078189300411522
0 0.3685185185185185 0.294238683127572 0.11790123456790123 0.08065843621399177
0 0.5503086419753086 0.9646090534979423 0.05864197530864197 0.07078189300411522
1 0.6555555555555556 0.9440329218106996 0.14135802469135803 0.018930041152263374
1 0.4589506172839506 0.942798353909465 0.1037037037037037 0.01646090534979424