2 0.5201310861423221 0.28547648772367873 0.31554307116104874 0.5168539325842697
2 0.5510299625468165 0.05930087390761548 0.1207865168539326 0.062005826050769874
2 0.5521223470661673 0.16708281315022888 0.12172284644194753 0.14273824386183934
2 0.4037141073657928 0.33042030794839783 0.08395755305867669 0.0682480233042031
2 0.4027777777777778 0.406575114440283 0.08083645443196008 0.07823553890969626
2 0.39091760299625467 0.4935497295047857 0.06335830212234705 0.08739076154806498
2 0.3929463171036205 0.5811485642946317 0.054307116104868935 0.07698709945900954
2 0.4441323345817728 0.583645443196005 0.04806491885143571 0.06949646275488967
2 0.4968789013732834 0.5846858094049106 0.04806491885143571 0.06741573033707866
2 0.5677278401997503 0.5549313358302123 0.08739076154806491 0.12942155638784847
2 0.5500936329588015 0.41781106949646274 0.12390761548064916 0.12567623803578862
1 0.5474406991260924 0.09342488555971702 0.059300873907615514 0.012900540990428625
1 0.6368601747815231 0.24115688722430295 0.012796504369538164 0.009571369121930942
1 0.6577715355805244 0.3021223470661673 0.010923845193508086 0.08655846858094052
1 0.6140761548064919 0.43965875988347897 0.010299625468164875 0.08863920099875156
1 0.5717852684144819 0.6231793591344154 0.059925093632958726 0.017894298793175167
1 0.4044943820224719 0.6248439450686641 0.01810237203495635 0.010403662089055299
1 0.44647315855181025 0.6238035788597587 0.019038701622971277 0.010819808572617587
2 0.43320848938826473 0.762796504369538 0.16729088639201 0.2688306283811901
2 0.3857677902621723 0.7698709945900957 0.07990012484394504 0.04494382022471921
2 0.3888888888888889 0.6856013316687474 0.07677902621722843 0.10861423220973787
0 0.500936329588015 0.06845609654598418 0.02746566791510613 0.043695380774032455
0 0.5017166042446941 0.21722846441947566 0.0352684144818976 0.0299625468164794
0 0.4305555555555556 0.34581772784019976 0.03027465667915108 0.03495630461922594
0 0.4533395755305868 0.4257178526841448 0.024656679151061178 0.0374531835205992
0 0.500936329588015 0.42363712026633377 0.03370786516853935 0.0374531835205992
0 0.4034019975031211 0.43154390345401583 0.027153558052434468 0.029962546816479325
0 0.40558676654182274 0.5266333749479817 0.024032459425717856 0.029546400332917184
0 0.4556803995006242 0.5345401581356638 0.021847690387016283 0.028714107365792756
0 0.5369850187265918 0.5068664169787765 0.03339575530586769 0.03911776945484805
0 0.499063670411985 0.5655430711610486 0.031210986267166008 0.04161464835622134
0 0.5020287141073658 0.6429463171036205 0.032771535580524314 0.03662089055347476
0 0.42290886392009985 0.6722846441947565 0.04556803995006242 0.050353724511027854
0 0.389669163545568 0.8098210570120683 0.0589887640449438 0.041614648356221494