2 0.660888671875 0.5266927083333334 0.3876953125 0.4205729166666667
2 0.83056640625 0.5680338541666666 0.04638671875 0.16080729166666666
2 0.749755859375 0.5693359375 0.10693359375 0.162109375
2 0.627197265625 0.3717447916666667 0.05126953125 0.11197916666666667
2 0.570068359375 0.3704427083333333 0.05859375 0.10807291666666667
2 0.5048828125 0.3544921875 0.0654296875 0.08463541666666667
2 0.439208984375 0.357421875 0.0576171875 0.072265625
2 0.437255859375 0.4254557291666667 0.05224609375 0.06380208333333333
2 0.4365234375 0.4957682291666667 0.05078125 0.06380208333333333
2 0.458740234375 0.5901692708333334 0.09716796875 0.11653645833333333
2 0.5615234375 0.5667317708333334 0.09423828125 0.16536458333333334
1 0.804931640625 0.5631510416666666 0.009765625 0.07877604166666667
1 0.694091796875 0.6826171875 0.00732421875 0.016927083333333332
1 0.6484375 0.7102864583333334 0.06494140625 0.014322916666666666
1 0.545166015625 0.6520182291666666 0.06640625 0.013671875
1 0.40771484375 0.595703125 0.01318359375 0.080078125
1 0.40625 0.3727213541666667 0.0078125 0.024088541666666668
1 0.4072265625 0.4287109375 0.00830078125 0.025390625
2 0.302978515625 0.4108072916666667 0.20166015625 0.22330729166666666
2 0.297607421875 0.34765625 0.03369140625 0.10677083333333333
2 0.36083984375 0.3518880208333333 0.08154296875 0.10221354166666667
0 0.82373046875 0.5013020833333334 0.03271484375 0.036458333333333336
0 0.712158203125 0.5022786458333334 0.0224609375 0.046875
0 0.61572265625 0.4075520833333333 0.0263671875 0.040364583333333336
0 0.5556640625 0.4378255208333333 0.0283203125 0.032552083333333336
0 0.557373046875 0.5013020833333334 0.0283203125 0.044921875
0 0.55126953125 0.37109375 0.0224609375 0.036458333333333336
0 0.47998046875 0.3740234375 0.02197265625 0.031901041666666664
0 0.47412109375 0.4407552083333333 0.021484375 0.029296875
0 0.494873046875 0.5491536458333334 0.029296875 0.044270833333333336
0 0.450927734375 0.4986979166666667 0.03125 0.041666666666666664
0 0.392822265625 0.5026041666666666 0.02734375 0.043619791666666664
0 0.370849609375 0.3971354166666667 0.03759765625 0.060546875
0 0.267578125 0.3528645833333333 0.03125 0.07877604166666667