2 0.339111328125 0.4733072916666667 0.3876953125 0.4205729166666667
2 0.16943359375 0.4319661458333333 0.04638671875 0.16080729166666666
2 0.250244140625 0.4306640625 0.10693359375 0.162109375
2 0.372802734375 0.6282552083333334 0.05126953125 0.11197916666666667
2 0.429931640625 0.6295572916666666 0.05859375 0.10807291666666667
2 0.4951171875 0.6455078125 0.0654296875 0.08463541666666667
2 0.560791015625 0.642578125 0.0576171875 0.072265625
2 0.562744140625 0.5745442708333334 0.05224609375 0.06380208333333333
2 0.5634765625 0.5042317708333334 0.05078125 0.06380208333333333
2 0.541259765625 0.4098307291666667 0.09716796875 0.11653645833333333
2 0.4384765625 0.4332682291666667 0.09423828125 0.16536458333333334
1 0.195068359375 0.4368489583333333 0.009765625 0.07877604166666667
1 0.305908203125 0.3173828125 0.00732421875 0.016927083333333332
1 0.3515625 0.2897135416666667 0.06494140625 0.014322916666666666
1 0.454833984375 0.3479817708333333 0.06640625 0.013671875
1 0.59228515625 0.404296875 0.01318359375 0.080078125
1 0.59375 0.6272786458333334 0.0078125 0.024088541666666668
1 0.5927734375 0.5712890625 0.00830078125 0.025390625
2 0.697021484375 0.5891927083333334 0.20166015625 0.22330729166666666
2 0.702392578125 0.65234375 0.03369140625 0.10677083333333333
2 0.63916015625 0.6481119791666666 0.08154296875 0.10221354166666667
0 0.17626953125 0.4986979166666667 0.03271484375 0.036458333333333336
0 0.287841796875 0.4977213541666667 0.0224609375 0.046875
0 0.38427734375 0.5924479166666666 0.0263671875 0.040364583333333336
0 0.4443359375 0.5621744791666666 0.0283203125 0.032552083333333336
0 0.442626953125 0.4986979166666667 0.0283203125 0.044921875
0 0.44873046875 0.62890625 0.0224609375 0.036458333333333336
0 0.52001953125 0.6259765625 0.02197265625 0.031901041666666664
0 0.52587890625 0.5592447916666666 0.021484375 0.029296875
0 0.505126953125 0.4508463541666667 0.029296875 0.044270833333333336
0 0.549072265625 0.5013020833333334 0.03125 0.041666666666666664
0 0.607177734375 0.4973958333333333 0.02734375 0.043619791666666664
0 0.629150390625 0.6028645833333334 0.03759765625 0.060546875
0 0.732421875 0.6471354166666666 0.03125 0.07877604166666667