2 0.1980440097799511 0.500651890482399 0.09633251833740832 0.5534550195567145
2 0.4843520782396088 0.49641460234680573 0.45378973105134474 0.5514993481095176
2 0.5342298288508558 0.6701434159061278 0.1916870415647922 0.2105606258148631
2 0.7075794621026895 0.696870925684485 0.14229828850855747 0.1544980443285528
2 0.7537897310513447 0.41395045632333766 0.07041564792176039 0.3878748370273794
2 0.6511002444987775 0.340612777053455 0.11833740831295844 0.22033898305084745
2 0.5117359413202934 0.3425684485006519 0.1466992665036675 0.2242503259452412
1 0.2525672371638142 0.6215775749674055 0.009779951100244499 0.16688396349413298
1 0.254278728606357 0.370599739243807 0.01613691931540342 0.17079530638852672
1 0.3220048899755501 0.7777053455019557 0.07921760391198043 0.01499348109517601
1 0.5794621026894865 0.7770534550195567 0.05525672371638142 0.016297262059973925
1 0.7183374083129584 0.40189048239895697 0.009290953545232274 0.07561929595827901
0 0.22811735941320294 0.49674054758800523 0.06943765281173594 0.08148631029986962
0 0.4919315403422983 0.4745762711864407 0.04254278728606357 0.06714471968709257
0 0.4958435207823961 0.2578226857887875 0.04547677261613692 0.05867014341590613
0 0.5833740831295844 0.5782268578878749 0.04058679706601467 0.06714471968709257
0 0.611002444987775 0.4367666232073012 0.040097799511002445 0.058018252933507174
0 0.7422982885085575 0.5048891786179922 0.05916870415647922 0.07692307692307693
0 0.7508557457212713 0.5860495436766623 0.0488997555012225 0.07366362451108213