1 0.9008333333333334 0.41862745098039217 0.017222222222222222 0.07647058823529412
1 0.7908333333333334 0.10522875816993464 0.06833333333333333 0.01045751633986928
1 0.6313888888888889 0.10490196078431373 0.06833333333333333 0.015032679738562092
1 0.5588888888888889 0.1042483660130719 0.06555555555555556 0.00849673202614379
1 0.3488888888888889 0.1781045751633987 0.01 0.038562091503267976
1 0.2411111111111111 0.234640522875817 0.07111111111111111 0.013071895424836602
1 0.185 0.2980392156862745 0.01888888888888889 0.08104575163398693
1 0.18388888888888888 0.3803921568627451 0.015555555555555555 0.07712418300653595
1 0.29527777777777775 0.5761437908496732 0.04833333333333333 0.00718954248366013
1 0.41055555555555556 0.5748366013071895 0.03111111111111111 0.013725490196078431
1 0.5127777777777778 0.5761437908496732 0.03222222222222222 0.013725490196078431
1 0.5725 0.5761437908496732 0.035 0.016339869281045753
1 0.6394444444444445 0.5764705882352941 0.03 0.013071895424836602
2 0.8080555555555555 0.21241830065359477 0.18833333333333332 0.22483660130718955
2 0.8105555555555556 0.4522875816993464 0.18666666666666668 0.23790849673202613
2 0.6627777777777778 0.5169934640522876 0.09444444444444444 0.11241830065359477
2 0.4508333333333333 0.29705882352941176 0.5161111111111111 0.3810457516339869
2 0.21305555555555555 0.5107843137254902 0.06277777777777778 0.12091503267973856
2 0.3111111111111111 0.5049019607843137 0.10333333333333333 0.1326797385620915
2 0.3963888888888889 0.5408496732026143 0.07388888888888889 0.0738562091503268
2 0.5286111111111111 0.5212418300653595 0.16944444444444445 0.11437908496732026
0 0.7291666666666666 0.2980392156862745 0.055 0.06274509803921569
0 0.7286111111111111 0.3663398692810457 0.05388888888888889 0.06209150326797386
0 0.5966666666666667 0.545751633986928 0.04111111111111111 0.040522875816993466
0 0.45055555555555554 0.4699346405228758 0.051111111111111114 0.0784313725490196
0 0.3416666666666667 0.465359477124183 0.07222222222222222 0.08366013071895424
0 0.3347222222222222 0.5303921568627451 0.055 0.05816993464052288
0 0.22777777777777777 0.503921568627451 0.058888888888888886 0.07058823529411765