1 0.09916666666666667 0.5813725490196079 0.017222222222222222 0.07647058823529412
1 0.20916666666666667 0.8947712418300654 0.06833333333333333 0.01045751633986928
1 0.3686111111111111 0.8950980392156863 0.06833333333333333 0.015032679738562092
1 0.4411111111111111 0.8957516339869281 0.06555555555555556 0.00849673202614379
1 0.6511111111111111 0.8218954248366013 0.01 0.038562091503267976
1 0.7588888888888888 0.765359477124183 0.07111111111111111 0.013071895424836602
1 0.815 0.7019607843137254 0.01888888888888889 0.08104575163398693
1 0.8161111111111111 0.6196078431372549 0.015555555555555555 0.07712418300653595
1 0.7047222222222222 0.4238562091503268 0.04833333333333333 0.00718954248366013
1 0.5894444444444444 0.42516339869281045 0.03111111111111111 0.013725490196078431
1 0.4872222222222222 0.4238562091503268 0.03222222222222222 0.013725490196078431
1 0.4275 0.4238562091503268 0.035 0.016339869281045753
1 0.3605555555555556 0.4235294117647059 0.03 0.013071895424836602
2 0.19194444444444445 0.7875816993464052 0.18833333333333332 0.22483660130718955
2 0.18944444444444444 0.5477124183006536 0.18666666666666668 0.23790849673202613
2 0.3372222222222222 0.4830065359477124 0.09444444444444444 0.11241830065359477
2 0.5491666666666667 0.7029411764705882 0.5161111111111111 0.3810457516339869
2 0.7869444444444444 0.4892156862745098 0.06277777777777778 0.12091503267973856
2 0.6888888888888889 0.4950980392156863 0.10333333333333333 0.1326797385620915
2 0.6036111111111111 0.4591503267973856 0.07388888888888889 0.0738562091503268
2 0.4713888888888889 0.47875816993464054 0.16944444444444445 0.11437908496732026
0 0.2708333333333333 0.7019607843137254 0.055 0.06274509803921569
0 0.2713888888888889 0.6336601307189542 0.05388888888888889 0.06209150326797386
0 0.4033333333333333 0.4542483660130719 0.04111111111111111 0.040522875816993466
0 0.5494444444444444 0.5300653594771242 0.051111111111111114 0.0784313725490196
0 0.6583333333333333 0.534640522875817 0.07222222222222222 0.08366013071895424
0 0.6652777777777777 0.4696078431372549 0.055 0.05816993464052288
0 0.7722222222222223 0.49607843137254903 0.058888888888888886 0.07058823529411765