1 0.9010152284263959 0.2892632781267847 0.19796954314720813 0.04169046259280411
1 0.49238578680203043 0.28697886921758997 0.18274111675126903 0.03712164477441462
2 0.14720812182741116 0.48486579097658483 0.29441624365482233 0.4260422615648201
2 0.6543147208121828 0.4985722444317533 0.6913705583756345 0.3814962878355226
2 0.5192893401015228 0.5245573957738435 0.36852791878172586 0.10336950314106225
2 0.515736040609137 0.3854940034266134 0.37969543147208124 0.1599086236436322
0 0.7461928934010152 0.3340948029697316 0.10355329949238579 0.0548258138206739
0 0.4847715736040609 0.5979440319817247 0.0883248730964467 0.05596801827527127
0 0.24873096446700507 0.6145059965733867 0.08730964467005076 0.04911479154768703
0 0.20253807106598984 0.6444888635065676 0.08426395939086294 0.06681896059394632
1 0.1218274111675127 0.28498001142204454 0.18274111675126903 0.038834951456310676