1 0.1279683377308707 0.7762886597938145 0.1266490765171504 0.09896907216494845
1 0.35356200527704484 0.7793814432989691 0.12401055408970976 0.10103092783505155
1 0.579155672823219 0.7731958762886598 0.12137203166226913 0.10309278350515463
1 0.8430079155672823 0.7845360824742268 0.1345646437994723 0.07628865979381444
2 0.8443271767810027 0.5469072164948454 0.29815303430079154 0.39278350515463917
2 0.08509234828496043 0.26804123711340205 0.17018469656992086 0.15670103092783505
2 0.32783641160949867 0.47216494845360824 0.6556728232189973 0.5030927835051546
0 0.06530343007915568 0.3819587628865979 0.10422163588390501 0.08969072164948454
0 0.6813984168865436 0.4 0.2598944591029024 0.088659793814433
0 0.7348284960422163 0.3675257731958763 0.09234828496042216 0.08556701030927835
2 0.7183377308707124 0.28505154639175256 0.17018469656992086 0.0979381443298969