2 0.07820048309178744 0.792317301686446 0.0966183574879227 0.21486570893191756
1 0.027777777777777776 0.7792004996876952 0.017512077294685992 0.09119300437226734
1 0.026570048309178744 0.5268582136164897 0.015096618357487922 0.1136789506558401
1 0.026570048309178744 0.33853841349156777 0.013888888888888888 0.09181761399125546
1 0.02717391304347826 0.1633354153653966 0.010265700483091788 0.1061836352279825
1 0.24003623188405798 0.9097439100562149 0.06763285024154589 0.012492192379762648
1 0.37922705314009664 0.9091193004372268 0.1105072463768116 0.004996876951905059
1 0.49426328502415456 0.8004372267332917 0.012077294685990338 0.10368519675202999
1 0.49426328502415456 0.6061836352279825 0.013285024154589372 0.07745159275452843
1 0.49426328502415456 0.5196752029981262 0.01932367149758454 0.07932542161149282
1 0.9752415458937198 0.2954403497813866 0.015096618357487922 0.0655840099937539
1 0.9755434782608695 0.20455965021861336 0.01570048309178744 0.06745783885071831
2 0.533816425120773 0.5246720799500312 0.4722222222222222 0.9506558400999375
2 0.7185990338164251 0.35227982510930667 0.20591787439613526 0.13429106808244848
1 0.7388285024154589 0.42098688319800126 0.06280193236714976 0.014366021236727046
2 0.8734903381642513 0.23922548407245472 0.20048309178743962 0.3641474078700812
2 0.39009661835748793 0.16895690193628982 0.20350241545893719 0.22111180512179887
2 0.27506038647342995 0.23516552154903186 0.06642512077294686 0.0886945658963148
2 0.13134057971014493 0.17426608369768895 0.20893719806763286 0.23173016864459714
2 0.10144927536231885 0.3297938788257339 0.1503623188405797 0.17051842598376016
2 0.2578502415458937 0.48563397876327297 0.4571256038647343 0.38226108682073706
2 0.3882850241545894 0.7945034353529045 0.1926328502415459 0.2192379762648345
2 0.20772946859903382 0.8544659587757651 0.15640096618357488 0.09931292941911306
2 0.23731884057971014 0.7432854465958776 0.08876811594202899 0.11430356027482823
2 0.15489130434782608 0.7448469706433479 0.05555555555555555 0.1174266083697689
0 0.09359903381642512 0.9300437226733291 0.051328502415458936 0.06433479075577764
0 0.1111111111111111 0.7485946283572767 0.05495169082125604 0.05746408494690818
0 0.09873188405797101 0.7001873828856965 0.06159420289855073 0.0655840099937539
0 0.161231884057971 0.3163647720174891 0.057367149758454104 0.04122423485321674
0 0.20923913043478262 0.26452217364147407 0.05555555555555555 0.06246096189881324
0 0.2732487922705314 0.30543410368519675 0.06038647342995169 0.05808869456589631
0 0.34480676328502413 0.26139912554653344 0.05253623188405797 0.06246096189881324
0 0.8828502415458938 0.02966895690193629 0.10748792270531402 0.05933791380387258
0 0.6814613526570048 0.25202998126171144 0.06038647342995169 0.08494690818238601
0 0.7554347826086957 0.24359775140537165 0.0646135265700483 0.05933791380387258
0 0.6796497584541062 0.4437851342910681 0.06280193236714976 0.06995627732667083
0 0.5163043478260869 0.7126795752654591 0.06099033816425121 0.05933791380387258
0 0.39553140096618356 0.6502186133666459 0.11896135265700483 0.07432854465958776
0 0.3149154589371981 0.8388507183010618 0.05314009661835749 0.05933791380387258
0 0.267512077294686 0.820737039350406 0.0392512077294686 0.05059337913803873
0 0.5181159420289855 0.3400999375390381 0.07065217391304347 0.0637101811367895
0 0.15247584541062803 0.8791380387257963 0.057971014492753624 0.04871955028107433
1 0.3991545893719807 0.052154903185509055 0.10929951690821256 0.021236727045596503