2 0.9217995169082126 0.20768269831355402 0.0966183574879227 0.21486570893191756
1 0.9722222222222222 0.2207995003123048 0.017512077294685992 0.09119300437226734
1 0.9734299516908212 0.4731417863835103 0.015096618357487922 0.1136789506558401
1 0.9734299516908212 0.6614615865084322 0.013888888888888888 0.09181761399125546
1 0.9728260869565217 0.8366645846346034 0.010265700483091788 0.1061836352279825
1 0.759963768115942 0.09025608994378513 0.06763285024154589 0.012492192379762648
1 0.6207729468599034 0.09088069956277327 0.1105072463768116 0.004996876951905059
1 0.5057367149758454 0.19956277326670832 0.012077294685990338 0.10368519675202999
1 0.5057367149758454 0.3938163647720175 0.013285024154589372 0.07745159275452843
1 0.5057367149758454 0.4803247970018738 0.01932367149758454 0.07932542161149282
1 0.024758454106280192 0.7045596502186133 0.015096618357487922 0.0655840099937539
1 0.024456521739130436 0.7954403497813867 0.01570048309178744 0.06745783885071831
2 0.46557971014492755 0.4750156152404747 0.4722222222222222 0.9500312304809494
2 0.28140096618357485 0.6477201748906933 0.20591787439613526 0.13429106808244848
1 0.26117149758454106 0.5790131168019987 0.06280193236714976 0.014366021236727046
2 0.1265096618357488 0.7607745159275453 0.20048309178743962 0.3641474078700812
2 0.6099033816425121 0.8310430980637101 0.20350241545893719 0.22111180512179887
2 0.7249396135265701 0.7648344784509682 0.06642512077294686 0.0886945658963148
2 0.8686594202898551 0.8257339163023111 0.20893719806763286 0.23173016864459714
2 0.8985507246376812 0.670206121174266 0.1503623188405797 0.17051842598376016
2 0.7421497584541062 0.514366021236727 0.4571256038647343 0.38226108682073706
2 0.6117149758454107 0.20549656464709556 0.1926328502415459 0.2192379762648345
2 0.7922705314009661 0.14553404122423486 0.15640096618357488 0.09931292941911306
2 0.7626811594202898 0.2567145534041224 0.08876811594202899 0.11430356027482823
2 0.845108695652174 0.2551530293566521 0.05555555555555555 0.1174266083697689
0 0.9064009661835749 0.06995627732667083 0.051328502415458936 0.06433479075577764
0 0.8888888888888888 0.2514053716427233 0.05495169082125604 0.05746408494690818
0 0.9012681159420289 0.29981261711430357 0.06159420289855073 0.0655840099937539
0 0.8387681159420289 0.683635227982511 0.057367149758454104 0.04122423485321674
0 0.7907608695652174 0.7354778263585259 0.05555555555555555 0.06246096189881324
0 0.7267512077294686 0.6945658963148033 0.06038647342995169 0.05808869456589631
0 0.6551932367149759 0.7386008744534666 0.05253623188405797 0.06246096189881324
0 0.11654589371980677 0.9700187382885697 0.10748792270531402 0.059962523422860715
0 0.3185386473429952 0.7479700187382886 0.06038647342995169 0.08494690818238601
0 0.24456521739130435 0.7564022485946283 0.0646135265700483 0.05933791380387258
0 0.3203502415458937 0.556214865708932 0.06280193236714976 0.06995627732667083
0 0.483695652173913 0.2873204247345409 0.06099033816425121 0.05933791380387258
0 0.6044685990338164 0.3497813866333542 0.11896135265700483 0.07432854465958776
0 0.6850845410628019 0.16114928169893816 0.05314009661835749 0.05933791380387258
0 0.732487922705314 0.17926296064959402 0.0392512077294686 0.05059337913803873
0 0.48188405797101447 0.6599000624609619 0.07065217391304347 0.0637101811367895
0 0.847524154589372 0.12086196127420362 0.057971014492753624 0.04871955028107433
1 0.6008454106280193 0.9478450968144909 0.10929951690821256 0.021236727045596503