1 0.7924528301886793 0.0897273303741281 0.026082130965593784 0.11540900443880786
1 0.7491675915649278 0.006975269499048827 0.03773584905660377 0.013950538998097653
1 0.7927302996670367 0.3392517438173748 0.022197558268590455 0.08560558021559923
1 0.37430632630410654 0.008560558021559923 0.04273029966703663 0.017121116043119847
1 0.304661487236404 0.5916296766011414 0.022752497225305215 0.09828788839568801
1 0.34544950055493895 0.5171211160431198 0.03995560488346282 0.025364616360177554
1 0.5357935627081021 0.5126823081800888 0.05438401775804662 0.020291693088142042
1 0.7264150943396226 0.5152187698161065 0.08379578246392896 0.03170577045022194
1 0.7921753607103219 0.6008243500317058 0.02885682574916759 0.11160431198478123
1 0.7932852386237513 0.858275206087508 0.022197558268590455 0.08116677235256817
2 0.6592674805771365 0.11414077362079898 0.24028856825749167 0.20355104629042486
2 0.6528856825749167 0.3151553582752061 0.2386237513873474 0.16804058338617628
2 0.4816870144284129 0.04914394419784401 0.10710321864594895 0.06594800253646163
2 0.4830743618201998 0.25237793278376663 0.10987791342952276 0.3202282815472416
2 0.3712541620421754 0.06721623335447051 0.09711431742508324 0.10336081166772353
2 0.3704217536071032 0.26347495244134433 0.09877913429522753 0.29169308814204187
2 0.8573806881243063 0.8015218769816107 0.10377358490566038 0.22637920101458464
2 0.5455049944506104 0.7235256816740647 0.46448390677025525 0.39124920735573876
2 0.3632075471698113 0.8690551680405834 0.10543840177580466 0.10779961953075459
2 0.2502774694783574 0.9080532656943564 0.08546059933407325 0.18389346861128725
2 0.206992230854606 0.7466708941027267 0.1792452830188679 0.12682308180088775
0 0.3937291897891232 0.7958148383005708 0.049944506104328525 0.05009511731135067
0 0.32824639289678137 0.7672796448953709 0.038845726970033294 0.06404565630944832
0 0.8226970033296337 0.7824984147114775 0.03218645948945616 0.061509194673430564
0 0.7680355160932297 0.7872542802790108 0.03829078801331853 0.05833861762840837
0 0.7658157602663707 0.2663284717818643 0.031631520532741396 0.053899809765377296
0 0.5493895671476138 0.25713379835129996 0.03718091009988901 0.05580215599239061
0 0.548834628190899 0.19023462270133165 0.03607103218645949 0.05009511731135067
0 0.548834628190899 0.06689917564996829 0.032741398446170925 0.04438807863031072
0 0.45643729189789123 0.1813570069752695 0.051054384017758046 0.046290424857324035
0 0.43784683684794673 0.25998731769181993 0.041620421753607105 0.04755865567533291
0 0.3953940066592675 0.13601775523145213 0.03440621531631521 0.03170577045022194
0 0.18285238623751388 0.8528852251109702 0.049944506104328525 0.05643627140139505