2 0.4197334106056216 0.09955288416613417 0.17531150391190964 0.15271219124513788
1 0.5404230657780353 0.26386346968305463 0.008113590263691739 0.05141954793823627
1 0.5401332946971893 0.36322304727799243 0.005795421616922702 0.059151810786091295
1 0.39611706751666187 0.5489906621977108 0.04752245725876558 0.011598394271782615
1 0.33685888148362797 0.5474442096281398 0.05302810779484213 0.021650335973994225
1 0.20805563604752247 0.5484107424841216 0.05331787887568823 0.012758233698960833
1 0.15227470298464213 0.3493049741518533 0.007244277021153267 0.059151810786091406
1 0.19805853375833093 0.18402785577895092 0.040857722399304575 0.013918073126139123
1 0.14169805853375833 0.8905633735017089 0.06664734859461025 0.007345649705462239
1 0.21370617212402204 0.8894035340745307 0.06751666183714866 0.01585113883810299
2 0.20283975659229211 0.24839894398734447 0.09910170964937698 0.12796895013200155
2 0.20211532889017678 0.37946079925848814 0.09417560127499275 0.12564927127764508
2 0.20197044334975373 0.48017352285180054 0.09736308316430023 0.12990201584396535
2 0.27977397855694003 0.2128305348872111 0.04839177050130394 0.06147148964044787
2 0.3814836279339322 0.3638029669915816 0.25528832222544184 0.3672824852731164
2 0.42828165749058245 0.3164428570484692 0.049261083743842415 0.07925569419051459
2 0.4545059403071574 0.22945490001009952 0.09823239640683862 0.10090603016450882
2 0.4942045783830774 0.25961072511673433 0.029846421327151595 0.04059437995123916
2 0.4794262532599247 0.31914914904521846 0.04665314401622722 0.07848246790572909
2 0.4321935670820052 0.661881699776395 0.15386844392929583 0.21804981230951334
2 0.16343088959721822 0.719873671135308 0.11359026369168357 0.05489906621977121
2 0.23703274413213563 0.7175539922809516 0.03535207186322803 0.05257938736541448
2 0.17922341350333237 0.8178801027318712 0.14169805853375836 0.13106185527114356
2 0.6311214140828746 0.3106436599125779 0.1761808171544479 0.2524583819824684
2 0.6596638655462186 0.22790844744052852 0.05650536076499568 0.0916273147470827
2 0.7896261953057085 0.2675362945357858 0.20226021443059983 0.17088300893759725
2 0.7907852796290931 0.45021100431636213 0.2011011301072152 0.18982705291484223
2 0.6141698058533759 0.4946715156915288 0.14111851637206607 0.09240054103186829
0 0.6531440162271805 0.28976655022336917 0.030715734569690012 0.042914058805595734
0 0.6789336424224863 0.31431648476530905 0.030715734569690012 0.03015582510663483
0 0.6693711967545639 0.46045625258977013 0.027238481599536346 0.040980993093631866
0 0.4640683859750797 0.5344926693579825 0.05650536076499568 0.04523373765995224
0 0.2274702984642133 0.7218067368472718 0.030715734569689956 0.03324873024577684
0 0.26876267748478705 0.5646484944646173 0.028107794842074818 0.04523373765995224
0 0.2426832802086352 0.4583298803066099 0.03216458997392063 0.03672824852731164
0 0.24036511156186613 0.3939587920982163 0.02405099971022895 0.03015582510663483
0 0.2426832802086352 0.2901531633657619 0.025789626195305726 0.03131566453381305
0 0.27542741234424806 0.25690443311998507 0.021732831063459912 0.03518179595774063
0 0.3943784410315851 0.22906828686770675 0.023181686467690477 0.028995985679456538
0 0.4726166328600406 0.19620616976432267 0.02492031295276731 0.03208889081859855
0 0.47247174731961755 0.2617370973998945 0.017096493769921728 0.023970014828350733
0 0.4708780063749638 0.2617370973998945 0.031295276731382216 0.03634163538491885
0 0.4640683859750797 0.29827203935600977 0.02578962619530567 0.028222759394671035