2 0.419677734375 0.0996742671009772 0.17529296875 0.152442996742671
1 0.54052734375 0.26384364820846906 0.00830078125 0.051465798045602605
1 0.5400390625 0.36319218241042345 0.005859375 0.05928338762214984
1 0.39599609375 0.5488599348534202 0.04736328125 0.011726384364820847
1 0.3369140625 0.547557003257329 0.05322265625 0.021498371335504887
1 0.2080078125 0.5485342019543974 0.05322265625 0.013029315960912053
1 0.15234375 0.349185667752443 0.00732421875 0.05928338762214984
1 0.197998046875 0.18403908794788273 0.041015625 0.013680781758957655
1 0.1416015625 0.8905537459283388 0.06640625 0.0071661237785016286
1 0.213623046875 0.8892508143322475 0.0673828125 0.015635179153094463
2 0.202880859375 0.2485342019543974 0.09912109375 0.1276872964169381
2 0.2021484375 0.3794788273615635 0.09423828125 0.1257328990228013
2 0.201904296875 0.48013029315960915 0.09716796875 0.12964169381107493
2 0.27978515625 0.21270358306188925 0.04833984375 0.06123778501628664
2 0.381591796875 0.36384364820846904 0.25537109375 0.3674267100977199
2 0.42822265625 0.31628664495114006 0.04931640625 0.07947882736156352
2 0.45458984375 0.2293159609120521 0.09814453125 0.10097719869706841
2 0.494140625 0.25960912052117263 0.02978515625 0.040390879478827364
2 0.4794921875 0.31921824104234525 0.046875 0.0781758957654723
2 0.43212890625 0.6618892508143323 0.15380859375 0.2182410423452769
2 0.163330078125 0.7198697068403909 0.11376953125 0.05472312703583062
2 0.237060546875 0.7175895765472313 0.03515625 0.05276872964169381
2 0.17919921875 0.8179153094462541 0.1416015625 0.13094462540716612
2 0.631103515625 0.31074918566775245 0.17626953125 0.25276872964169383
2 0.65966796875 0.2280130293159609 0.056640625 0.09185667752442997
2 0.78955078125 0.26742671009771984 0.2021484375 0.17068403908794788
2 0.790771484375 0.4501628664495114 0.201171875 0.18957654723127035
2 0.6142578125 0.49478827361563515 0.14111328125 0.09250814332247558
0 0.653076171875 0.2899022801302932 0.03076171875 0.04299674267100977
0 0.678955078125 0.31433224755700323 0.03076171875 0.02996742671009772
0 0.66943359375 0.46058631921824106 0.02734375 0.04104234527687296
0 0.464111328125 0.534527687296417 0.056640625 0.04495114006514658
0 0.2275390625 0.7218241042345277 0.03076171875 0.03322475570032573
0 0.268798828125 0.5644951140065146 0.0283203125 0.04495114006514658
0 0.24267578125 0.45830618892508146 0.0322265625 0.036482084690553744
0 0.240478515625 0.39381107491856676 0.02392578125 0.02996742671009772
0 0.24267578125 0.29022801302931595 0.02587890625 0.031270358306188926
0 0.275390625 0.2570032573289902 0.02197265625 0.03517915309446254
0 0.394287109375 0.22899022801302932 0.02294921875 0.029315960912052116
0 0.47265625 0.19609120521172638 0.02490234375 0.031921824104234525
0 0.472412109375 0.26188925081433223 0.01708984375 0.024104234527687295
0 0.470947265625 0.26188925081433223 0.03125 0.036482084690553744
0 0.464111328125 0.298371335504886 0.02587890625 0.028013029315960912