2 0.800048828125 0.39283387622149835 0.1142578125 0.23387622149837134
1 0.677001953125 0.5540716612377851 0.03857421875 0.011074918566775244
1 0.6025390625 0.5534201954397394 0.04443359375 0.007817589576547232
1 0.46337890625 0.36123778501628667 0.0087890625 0.06319218241042346
1 0.46435546875 0.28241042345276873 0.01611328125 0.07100977198697069
1 0.463623046875 0.11042345276872964 0.009765625 0.07100977198697069
1 0.613037109375 0.03615635179153094 0.04443359375 0.009771986970684038
1 0.73681640625 0.09706840390879479 0.01025390625 0.05472312703583062
1 0.207275390625 0.032899022801302934 0.00537109375 0.06579804560260587
1 0.208251953125 0.11791530944625407 0.01171875 0.08990228013029317
2 0.6884765625 0.10358306188925082 0.095703125 0.13224755700325733
2 0.59033203125 0.10260586319218241 0.09423828125 0.1257328990228013
2 0.514892578125 0.1022801302931596 0.09716796875 0.12964169381107493
2 0.71533203125 0.20618892508143322 0.0458984375 0.06449511400651466
2 0.60205078125 0.34201954397394135 0.275390625 0.34071661237785017
2 0.6376953125 0.4042345276872964 0.0595703125 0.06579804560260587
2 0.702880859375 0.43941368078175896 0.07568359375 0.13094462540716612
2 0.68017578125 0.4921824104234528 0.0302734375 0.03973941368078176
2 0.635498046875 0.4726384364820847 0.05859375 0.06254071661237785
2 0.378662109375 0.40944625407166124 0.16357421875 0.20521172638436483
2 0.3349609375 0.06319218241042346 0.041015625 0.12638436482084692
2 0.3369140625 0.149185667752443 0.03955078125 0.046905537459283386
2 0.261474609375 0.08306188925081433 0.09814453125 0.16612377850162866
2 0.641845703125 0.6749185667752443 0.189453125 0.23517915309446255
2 0.703857421875 0.713029315960912 0.06884765625 0.0755700325732899
2 0.67431640625 0.8755700325732899 0.1279296875 0.2488599348534202
2 0.537353515625 0.8768729641693811 0.14208984375 0.24625407166123778
2 0.50390625 0.652442996742671 0.0693359375 0.18827361563517916
0 0.657470703125 0.7042345276872964 0.0322265625 0.04104234527687296
0 0.63916015625 0.7387622149837133 0.0224609375 0.04104234527687296
0 0.529541015625 0.7260586319218241 0.03076171875 0.036482084690553744
0 0.47412109375 0.4521172638436482 0.03369140625 0.0755700325732899
0 0.333740234375 0.13648208469055376 0.02490234375 0.04104234527687296
0 0.45166015625 0.19153094462540718 0.03369140625 0.03778501628664495
0 0.53125 0.15667752442996744 0.02734375 0.04299674267100977
0 0.57958984375 0.15374592833876222 0.0224609375 0.031921824104234525
0 0.6572265625 0.15667752442996744 0.0234375 0.03452768729641694
0 0.68212890625 0.2003257328990228 0.0263671875 0.029315960912052116
0 0.703125 0.358957654723127 0.02197265625 0.03061889250814332
0 0.727783203125 0.46351791530944625 0.02392578125 0.03322475570032573
0 0.678466796875 0.4631921824104234 0.01806640625 0.02280130293159609
0 0.678466796875 0.46123778501628665 0.02734375 0.04169381107491857
0 0.651123046875 0.4521172638436482 0.02099609375 0.03452768729641694