1 0.7744140625 0.7810810810810811 0.01904296875 0.022702702702702703
1 0.708251953125 0.10432432432432433 0.03076171875 0.016216216216216217
1 0.844970703125 0.10216216216216216 0.029296875 0.017297297297297298
1 0.777099609375 0.10216216216216216 0.0654296875 0.02054054054054054
1 0.57177734375 0.23675675675675675 0.044921875 0.015135135135135135
1 0.392578125 0.23891891891891892 0.0458984375 0.017297297297297298
1 0.625 0.672972972972973 0.009765625 0.10486486486486486
2 0.485107421875 0.1291891891891892 0.2841796875 0.19027027027027027
2 0.48046875 0.44756756756756755 0.287109375 0.4151351351351351
2 0.3876953125 0.5848648648648649 0.0908203125 0.1491891891891892
2 0.389892578125 0.7216216216216216 0.091796875 0.11135135135135135
2 0.388916015625 0.8421621621621621 0.09619140625 0.10594594594594595
2 0.4833984375 0.8713513513513513 0.08447265625 0.1783783783783784
2 0.481201171875 0.7216216216216216 0.07861328125 0.09945945945945946
2 0.5771484375 0.6621621621621622 0.08984375 0.2281081081081081
2 0.774658203125 0.16648648648648648 0.23974609375 0.12216216216216216
2 0.7744140625 0.38594594594594595 0.24169921875 0.2951351351351351
2 0.708740234375 0.4854054054054054 0.0341796875 0.10702702702702703
2 0.775146484375 0.6627027027027027 0.240234375 0.2172972972972973
0 0.774658203125 0.2064864864864865 0.033203125 0.08432432432432432
0 0.7841796875 0.5205405405405406 0.02685546875 0.06054054054054054
0 0.737548828125 0.4648648648648649 0.03125 0.057297297297297295
0 0.4853515625 0.20594594594594595 0.0361328125 0.0681081081081081
0 0.514404296875 0.6118918918918919 0.03271484375 0.07243243243243243
0 0.447509765625 0.6248648648648648 0.0341796875 0.055135135135135134
0 0.48095703125 0.692972972972973 0.03125 0.07243243243243243
0 0.48291015625 0.8102702702702703 0.03564453125 0.08324324324324324
0 0.4521484375 0.841081081081081 0.0341796875 0.06702702702702702
0 0.40625 0.6416216216216216 0.0263671875 0.057297297297297295