1 0.7744147157190635 0.7812130525174004 0.019063545150501682 0.022214589171110896
1 0.7083612040133779 0.10440856910422128 0.03076923076923066 0.01629069872548134
1 0.8449832775919732 0.10218711018711017 0.029096989966555187 0.01777167133688872
1 0.7770903010033444 0.10218711018711017 0.0652173913043479 0.020733616559703516
1 0.5717391304347825 0.23658537467233118 0.045150501672240884 0.015550212419777651
1 0.39247491638795984 0.23880683358944227 0.04581939799331103 0.01703118503118503
1 0.6249163879598661 0.6727318087318087 0.009698996655518322 0.10440856910422136
2 0.4851170568561872 0.1292148603452951 0.2839464882943143 0.1903049805658501
2 0.48043478260869565 0.4476239717978848 0.2872909698996655 0.4154128174997741
2 0.3876254180602007 0.5849841815059206 0.0909698996655518 0.14957823375214674
2 0.3897993311036789 0.7216039049082527 0.09197324414715724 0.11181343216125832
2 0.38896321070234113 0.8423031727379553 0.09632107023411374 0.10588954171562855
2 0.4834448160535117 0.8711821386603995 0.08461538461538465 0.178457199674591
2 0.48110367892976585 0.7216039049082527 0.07859531772575246 0.09996565126999903
2 0.5770903010033445 0.6619947572991052 0.08996655518394658 0.22806978215673873
2 0.7747491638795986 0.16623917563048 0.23979933110367901 0.12218024044110999
2 0.7744147157190635 0.38616360842447794 0.24180602006688967 0.295454035975775
2 0.7086956521739131 0.4853887733887734 0.03411371237458183 0.107370514327036
2 0.7750836120401338 0.6627352436048087 0.24046822742474916 0.21770297387688686
0 0.7745819397993311 0.20659567929133146 0.03344481605351168 0.08441543885022144
0 0.7842809364548494 0.520561872909699 0.026755852842809347 0.06071987706770316
0 0.7374581939799331 0.4646551568290699 0.03143812709030103 0.05701744553918468
0 0.4852842809364548 0.20585519298562777 0.03612040133779265 0.06812474012474012
0 0.51438127090301 0.6116416885112537 0.03277591973244148 0.07256765795896221
0 0.4474916387959866 0.6249704420139202 0.03411371237458194 0.05479598662207364
0 0.4809364548494983 0.6930951821386603 0.03143812709030103 0.07256765795896221
0 0.48294314381270903 0.8100920184398445 0.03545150501672245 0.08293446623881406
0 0.45217391304347826 0.8411924432793998 0.03411371237458194 0.06664376751333269
0 0.40618729096989964 0.6416313838922534 0.026421404682274274 0.05701744553918468