2 0.8136004857316332 0.08579881656804733 0.23011536126290225 0.10118343195266272
2 0.5622343655130541 0.4816568047337278 0.7158469945355191 0.8526627218934911
2 0.8391013964784456 0.577810650887574 0.1742562234365513 0.23550295857988165
2 0.5749848208864602 0.7579881656804733 0.18882817243472982 0.2893491124260355
2 0.4077109896782028 0.6520710059171597 0.12021857923497267 0.07633136094674556
2 0.3424408014571949 0.7615384615384615 0.27018822100789314 0.29289940828402367
2 0.5822707953855495 0.4405325443786982 0.1681845780206436 0.10887573964497041
1 0.9359441408621737 0.5538461538461539 0.030358227079538554 0.11420118343195267
1 0.835458409228901 0.9227810650887573 0.17547055251973284 0.029585798816568046
1 0.5704310868245295 0.9242603550295858 0.18336369156041288 0.03727810650887574
1 0.29811778992106863 0.9242603550295858 0.1742562234365513 0.028994082840236687
0 0.7292046144505161 0.571301775147929 0.04553734061930783 0.04970414201183432
0 0.7106860959319976 0.6316568047337278 0.06314511232544019 0.047337278106508875
0 0.5616272009714632 0.5940828402366863 0.050394656952034 0.05502958579881657
0 0.5734669095324832 0.5133136094674556 0.048573163327261686 0.04142011834319527
0 0.7231329690346083 0.14142011834319526 0.06618093503339405 0.10473372781065089
0 0.3718882817243473 0.5988165680473373 0.0461445051608986 0.03727810650887574
0 0.45081967213114754 0.7937869822485207 0.061930783242258654 0.05917159763313609
0 0.28415300546448086 0.5970414201183432 0.06375227686703097 0.042011834319526625
0 0.1933819064966606 0.5813609467455622 0.09107468123861566 0.054437869822485205