2 0.08597342871742464 0.2679270993016522 0.08610117526826777 0.1447794242888775
1 0.0792028615227389 0.34917390563788114 0.061318344404701075 0.011582353943110135
1 0.0412621359223301 0.4140691534661898 0.009453244762391413 0.07119741100323622
1 0.04087889626980072 0.5104752171691365 0.010219724067450184 0.02759325498211555
1 0.18216658150229945 0.5738375063873277 0.034236075625958096 0.009879066598535177
1 0.42092488502810427 0.19059785385794584 0.06463975472662242 0.013966956225515212
1 0.3196218702095044 0.19110884006131837 0.019928461931527863 0.01294498381877022
1 0.5163515585079204 0.4152614546073923 0.011241696474195262 0.07562595809913135
1 0.517118037812979 0.5179696814852667 0.00817577925396007 0.02350536535513544
1 0.5539090444557998 0.3481519332311361 0.05263157894736836 0.009538409129620154
1 0.6070516096065407 0.2502129109180719 0.005620848237097631 0.09913132345426678
1 0.6775677056719469 0.17356498041219556 0.09248850281042409 0.028955884857775505
1 0.8025038323965253 0.19230114120252087 0.04547777210015336 0.008516436722875165
1 0.8909044455799694 0.19161982626469087 0.05109862033725099 0.01192301141202523
1 0.961803781297905 0.40725600408788964 0.007920286152273803 0.02554931016862542
1 0.903551354113439 0.5733265201839551 0.057485947879407195 0.010901039005280241
1 0.8129790495656618 0.5743484925907001 0.05518650996423102 0.006131834440470089
1 0.7179356157383752 0.5765627661386477 0.018395503321410267 0.00647249190938511
1 0.6452478283086357 0.5738375063873277 0.05493101686254476 0.0071538068472151535
2 0.7427184466019419 0.6377107818088912 0.2386305569749616 0.12468063362289213
2 0.7008175779253961 0.7298586271504003 0.15329586101175274 0.061659001873616205
2 0.2321154828819622 0.2624765797990121 0.19340827797649462 0.14069153466189746
2 0.41134389371486973 0.26349855220575713 0.1507409299948902 0.14273547947538748
2 0.38464486458865615 0.33111905978538586 0.0334695963208993 0.03951626639414071
2 0.4444302503832397 0.37915176290240166 0.08303525804803269 0.14580139669562261
2 0.4556719468574349 0.5132004769204566 0.057485947879407306 0.10117526826775676
2 0.28717424629535004 0.454096406063703 0.2713336739908023 0.22551524442173396
2 0.09478794072560041 0.4588656106285131 0.10526315789473686 0.2200647249190939
2 0.5594021461420542 0.2682677567705672 0.08456821665815029 0.15431783341849772
2 0.8313745528870722 0.21836143757451884 0.04547777210015336 0.05859308465338101
2 0.829330608073582 0.3025038323965254 0.048032703117015796 0.0947027763583717
2 0.9040623403168115 0.2682677567705672 0.10296371997956055 0.15840572304547781
2 0.9255237608584569 0.3874978708908193 0.06310679611650483 0.06506557656276613
2 0.9135155850792029 0.4994038494293988 0.09018906489524792 0.14375745188213251
2 0.8169391926417987 0.4982115482881963 0.09325498211548289 0.15022994379151763
2 0.6983903934593767 0.37165729858627156 0.37225344915687275 0.4033384431953671
2 0.7722278998467043 0.25191619826264694 0.05850792028615226 0.11071367739737692
2 0.8280531425651508 0.21887242377789137 0.042411854879918165 0.06165900187361606
2 0.8284363822176802 0.30437744847555787 0.04471129279509456 0.10117526826775676
0 0.8612672457843639 0.21308124680633625 0.02708226877874287 0.033043774484755595
0 0.8668880940214615 0.339635496508261 0.025549310168625494 0.032703117015840576
0 0.8389115993868167 0.3631408618633964 0.022227899846704036 0.028615227388860465
0 0.8608840061318346 0.4360415602112077 0.05339805825242716 0.03406574689150066
0 0.8875830352580482 0.4029977857264521 0.036791006642820756 0.040197581331970746
0 0.7577925396014309 0.49173905637881116 0.034236075625958096 0.03508771929824558
0 0.7526826775677058 0.5903593936297055 0.03985692386305573 0.04701073071027088
0 0.6168880940214615 0.513711463123829 0.030403679100664327 0.03610969170499064
0 0.6959632089933573 0.4418327371827628 0.03014818599897806 0.030659172202350593
0 0.6069238630556976 0.3120422415261455 0.05339805825242716 0.03951626639414071
0 0.41619826264690857 0.3789814341679442 0.031170158405723014 0.037131664111735706
0 0.41696474195196737 0.484925907000511 0.028104241185488044 0.02554931016862542
0 0.36420541645375576 0.47436552546414584 0.02631578947368418 0.04258218361437575
0 0.363438937148697 0.393800034065747 0.02631578947368418 0.04156021120763068
0 0.3474706182933061 0.32089933571793566 0.02452733776188043 0.034065746891500624
0 0.2888349514563107 0.3498552205757111 0.02887072049054673 0.03610969170499064
0 0.12953500255493103 0.3130642139328905 0.05671946857434851 0.03065917220235052
0 0.16581502299437917 0.3801737353091467 0.030148185998978005 0.045648100834610794
0 0.09874808380173736 0.6014307613694431 0.08303525804803273 0.06506557656276613