1 0.555419921875 0.923828125 0.00732421875 0.045572916666666664
1 0.26806640625 0.60546875 0.01025390625 0.0859375
1 0.268310546875 0.7405598958333334 0.009765625 0.026692708333333332
1 0.4365234375 0.4781901041666667 0.056640625 0.014973958333333334
1 0.513427734375 0.4772135416666667 0.017578125 0.011067708333333334
1 0.38623046875 0.4280598958333333 0.00732421875 0.0703125
1 0.312744140625 0.357421875 0.07421875 0.0078125
1 0.255126953125 0.2633463541666667 0.021484375 0.123046875
1 0.269287109375 0.0966796875 0.00634765625 0.060546875
1 0.5556640625 0.08268229166666667 0.00439453125 0.07356770833333333
1 0.557373046875 0.20930989583333334 0.0048828125 0.024739583333333332
1 0.555419921875 0.3063151041666667 0.00537109375 0.07291666666666667
2 0.603271484375 0.17643229166666666 0.09375 0.318359375
2 0.67236328125 0.23209635416666666 0.04638671875 0.20442708333333334
2 0.32177734375 0.8570963541666666 0.10546875 0.2578125
2 0.322509765625 0.6181640625 0.10693359375 0.201171875
2 0.373291015625 0.6536458333333334 0.02978515625 0.044921875
2 0.409423828125 0.57421875 0.109375 0.11067708333333333
2 0.510009765625 0.5592447916666666 0.07568359375 0.07682291666666667
2 0.465576171875 0.7838541666666666 0.1689453125 0.3619791666666667
2 0.46923828125 0.9850260416666666 0.1650390625 0.029947916666666668
2 0.326171875 0.4208984375 0.11572265625 0.11263020833333333
2 0.288818359375 0.058268229166666664 0.0439453125 0.060546875
2 0.351806640625 0.060872395833333336 0.07080078125 0.06380208333333333
2 0.325927734375 0.014973958333333334 0.11865234375 0.029947916666666668
2 0.498779296875 0.07747395833333333 0.11279296875 0.12434895833333333
2 0.40380859375 0.24153645833333334 0.302734375 0.4830729166666667
2 0.31396484375 0.13704427083333334 0.0830078125 0.078125
2 0.2890625 0.0625 0.04638671875 0.056640625
2 0.353271484375 0.062174479166666664 0.07568359375 0.059895833333333336
0 0.284912109375 0.018229166666666668 0.02490234375 0.035807291666666664
0 0.37939453125 0.013671875 0.0244140625 0.02734375
0 0.3974609375 0.048177083333333336 0.021484375 0.029947916666666668
0 0.4521484375 0.027018229166666668 0.025390625 0.054036458333333336
0 0.493896484375 0.15625 0.0263671875 0.045572916666666664
0 0.56787109375 0.1630859375 0.03515625 0.053385416666666664
0 0.51025390625 0.3440755208333333 0.02685546875 0.040364583333333336
0 0.456298828125 0.23860677083333334 0.02294921875 0.040364583333333336
0 0.359130859375 0.357421875 0.02978515625 0.07096354166666667
0 0.4091796875 0.6116536458333334 0.02783203125 0.041666666666666664
0 0.48876953125 0.6106770833333334 0.01904296875 0.037760416666666664
0 0.480712890625 0.6809895833333334 0.03173828125 0.03515625
0 0.42041015625 0.6819661458333334 0.03125 0.03515625
0 0.36572265625 0.7034505208333334 0.025390625 0.032552083333333336
0 0.387451171875 0.7815755208333334 0.02685546875 0.038411458333333336
0 0.359619140625 0.9778645833333334 0.02294921875 0.044270833333333336
0 0.41015625 0.9456380208333334 0.0341796875 0.040364583333333336