2 0.0859375 0.2679036458333333 0.0859375 0.14453125
1 0.0791015625 0.3492838541666667 0.0615234375 0.01171875
1 0.041259765625 0.4140625 0.00927734375 0.07096354166666667
1 0.040771484375 0.5104166666666666 0.01025390625 0.02734375
1 0.18212890625 0.5738932291666666 0.0341796875 0.009765625
1 0.4208984375 0.19075520833333334 0.064453125 0.013671875
1 0.319580078125 0.19108072916666666 0.02001953125 0.013020833333333334
1 0.516357421875 0.4153645833333333 0.01123046875 0.07552083333333333
1 0.51708984375 0.5179036458333334 0.00830078125 0.0234375
1 0.553955078125 0.3483072916666667 0.052734375 0.009765625
1 0.60693359375 0.2503255208333333 0.005859375 0.09895833333333333
1 0.677490234375 0.17350260416666666 0.09228515625 0.028645833333333332
1 0.802490234375 0.1923828125 0.04541015625 0.008463541666666666
1 0.890869140625 0.19173177083333334 0.05126953125 0.01171875
1 0.9619140625 0.4072265625 0.0078125 0.025390625
1 0.903564453125 0.5732421875 0.0576171875 0.011067708333333334
1 0.81298828125 0.57421875 0.05517578125 0.005859375
1 0.718017578125 0.5764973958333334 0.0185546875 0.006510416666666667
1 0.645263671875 0.5738932291666666 0.0546875 0.007161458333333333
2 0.74267578125 0.6376953125 0.23876953125 0.125
2 0.700927734375 0.7298177083333334 0.1533203125 0.061848958333333336
2 0.232177734375 0.2623697916666667 0.193359375 0.140625
2 0.411376953125 0.2633463541666667 0.15087890625 0.142578125
2 0.384765625 0.3310546875 0.03369140625 0.039713541666666664
2 0.4443359375 0.3792317708333333 0.0830078125 0.14583333333333334
2 0.45556640625 0.5133463541666666 0.0576171875 0.10091145833333333
2 0.287109375 0.4541015625 0.271484375 0.22526041666666666
2 0.0947265625 0.458984375 0.10546875 0.22005208333333334
2 0.559326171875 0.2682291666666667 0.08447265625 0.154296875
2 0.831298828125 0.21842447916666666 0.04541015625 0.05859375
2 0.829345703125 0.3024088541666667 0.0478515625 0.09440104166666667
2 0.904052734375 0.2682291666666667 0.10302734375 0.158203125
2 0.925537109375 0.3873697916666667 0.06298828125 0.06510416666666667
2 0.91357421875 0.4993489583333333 0.09033203125 0.14388020833333334
2 0.81689453125 0.4983723958333333 0.09326171875 0.150390625
2 0.698486328125 0.3717447916666667 0.3720703125 0.4036458333333333
2 0.772216796875 0.251953125 0.05859375 0.11067708333333333
2 0.828125 0.21875 0.04248046875 0.061848958333333336
2 0.828369140625 0.3043619791666667 0.044921875 0.10091145833333333
0 0.861328125 0.21321614583333334 0.02685546875 0.033203125
0 0.866943359375 0.3395182291666667 0.025390625 0.032552083333333336
0 0.8388671875 0.36328125 0.0224609375 0.028645833333333332
0 0.86083984375 0.4361979166666667 0.05322265625 0.033854166666666664
0 0.8876953125 0.4029947916666667 0.03662109375 0.040364583333333336
0 0.7578125 0.4918619791666667 0.0341796875 0.03515625
0 0.752685546875 0.5904947916666666 0.0400390625 0.046875
0 0.616943359375 0.513671875 0.0302734375 0.035807291666666664
0 0.696044921875 0.4417317708333333 0.0302734375 0.030598958333333332
0 0.60693359375 0.3121744791666667 0.05322265625 0.039713541666666664
0 0.416259765625 0.37890625 0.03125 0.037109375
0 0.4169921875 0.4850260416666667 0.0283203125 0.025390625
0 0.3642578125 0.4742838541666667 0.0263671875 0.042317708333333336
0 0.363525390625 0.3938802083333333 0.0263671875 0.041666666666666664
0 0.347412109375 0.3209635416666667 0.0244140625 0.033854166666666664
0 0.288818359375 0.3499348958333333 0.02880859375 0.035807291666666664
0 0.129638671875 0.3131510416666667 0.056640625 0.030598958333333332
0 0.165771484375 0.3802083333333333 0.0302734375 0.045572916666666664
0 0.0986328125 0.6015625 0.0830078125 0.06510416666666667