1 0.09926663174436878 0.806640625 0.01885804085908853 0.00927734375
1 0.11550550026191723 0.736083984375 0.012048192771084338 0.0625
1 0.18805657412257726 0.911865234375 0.0178103719224725 0.0078125
1 0.24934520691461498 0.912109375 0.017286537454164485 0.00830078125
1 0.33158721843897326 0.912109375 0.03666841278156103 0.0107421875
1 0.40806705081194344 0.912353515625 0.03981141959140912 0.0087890625
1 0.4709271870089052 0.8740234375 0.010476689366160294 0.02001953125
1 0.5495023572551074 0.73486328125 0.012048192771084338 0.0205078125
1 0.711629125196438 0.796142578125 0.016238868517548456 0.00927734375
1 0.711629125196438 0.588623046875 0.01676270298585647 0.0087890625
1 0.7922996333158722 0.79638671875 0.04714510214772132 0.01171875
1 0.7920377160817181 0.588134765625 0.04871660555264536 0.0107421875
1 0.5544787847040336 0.323974609375 0.005762179151388162 0.015625
1 0.4677841801990571 0.432861328125 0.014667365112624411 0.0205078125
1 0.393661602933473 0.53173828125 0.05605028810895757 0.01123046875
1 0.23782084861183866 0.531982421875 0.03614457831325301 0.01123046875
1 0.13672079622839184 0.532958984375 0.05814562598218963 0.01171875
1 0.07909900471451022 0.485595703125 0.006809848088004191 0.0498046875
1 0.09481403876375065 0.42724609375 0.02357255107386066 0.01123046875
1 0.11236249345206914 0.357666015625 0.011000523834468309 0.064453125
2 0.0570979570455736 0.750244140625 0.10476689366160294 0.11376953125
2 0.1176008381351493 0.859619140625 0.06495547407019382 0.10009765625
2 0.18674698795180722 0.878173828125 0.05919329491880566 0.0634765625
2 0.1888423258250393 0.825439453125 0.06390780513357779 0.03564453125
2 0.24803562074384494 0.804443359375 0.25563122053431114 0.2099609375
2 0.2532739654269251 0.878173828125 0.06338397066526978 0.0625
2 0.25170246202200103 0.8271484375 0.058669460450497646 0.0302734375
2 0.4036144578313253 0.728271484375 0.12414876898899947 0.05810546875
2 0.4169722367731797 0.836181640625 0.09586170770036669 0.1455078125
2 0.5110005238344683 0.695556640625 0.07019381875327396 0.17333984375
2 0.5725510738606601 0.65771484375 0.03876375065479309 0.1162109375
2 0.8501833420639078 0.693359375 0.24410686223153483 0.19677734375
2 0.6946045049764275 0.642333984375 0.05395495023572551 0.09912109375
2 0.6966998428496595 0.744873046875 0.05238344683080147 0.0947265625
1 0.46699842849659506 0.138916015625 0.009429020429544265 0.05712890625
1 0.11288632792037716 0.12841796875 0.011524358302776323 0.06689453125
2 0.06836039811419592 0.140869140625 0.07752750130958617 0.10498046875
2 0.16553169198533263 0.176025390625 0.16657936092194867 0.17138671875
2 0.06914614981665794 0.4013671875 0.07647983237297014 0.171875
2 0.2425353588266108 0.42333984375 0.32058669460450495 0.21044921875
2 0.3719224724986904 0.337158203125 0.06600314300680984 0.03369140625
2 0.4078051335777894 0.46337890625 0.10581456259821896 0.1240234375
2 0.43530644316396017 0.35888671875 0.05290728129910948 0.080078125
2 0.5112624410686223 0.3359375 0.07752750130958617 0.04052734375
2 0.5138816134101624 0.406005859375 0.08328968046097433 0.0927734375
2 0.29727606076479834 0.218017578125 0.09481403876375065 0.0849609375
2 0.29544264012572025 0.136474609375 0.09586170770036669 0.09228515625
2 0.40492404400209536 0.176513671875 0.11629125196437926 0.1728515625
0 0.1034573074908329 0.786376953125 0.03981141959140912 0.03125
0 0.13672079622839184 0.819091796875 0.028287061288632794 0.03271484375
0 0.1888423258250393 0.794677734375 0.03352540597171294 0.03369140625
0 0.16919853326348874 0.859619140625 0.03352540597171294 0.02587890625
0 0.2066526977475118 0.861572265625 0.035620743844945 0.0322265625
0 0.3601361969617601 0.746337890625 0.02776322682032478 0.03369140625
0 0.3685175484546883 0.7919921875 0.03195390256678889 0.02587890625
0 0.5652173913043478 0.697021484375 0.03876375065479309 0.029296875
0 0.48611838658983764 0.651123046875 0.03981141959140912 0.02978515625
0 0.4869041382922996 0.739501953125 0.041906757464641176 0.03271484375
0 0.11262441068622316 0.403564453125 0.07019381875327396 0.02978515625
0 0.37585123101100054 0.371337890625 0.03352540597171294 0.0361328125
0 0.37323205866946046 0.4306640625 0.03143006809848088 0.03564453125
0 0.42299633315872187 0.37744140625 0.03509690937663698 0.03125
0 0.5293347302252488 0.370361328125 0.0392875851231011 0.04052734375
0 0.4814038763750655 0.377685546875 0.040859088528025146 0.0283203125
0 0.6503404924044002 0.639404296875 0.040859088528025146 0.03125
0 0.6492928234677842 0.74169921875 0.041906757464641176 0.03564453125
0 0.11314824515453117 0.17724609375 0.07019381875327396 0.02880859375
0 0.2582503928758512 0.165771484375 0.030906233630172867 0.02685546875
0 0.287061288632792 0.171875 0.027239392352016764 0.03125
0 0.3292299633315872 0.156005859375 0.03352540597171294 0.0263671875