1 0.17114468487486864 0.12651677373304782 0.009954724399880497 0.017487508922198428
1 0.24676230291242246 0.1415060670949322 0.0670029526915034 0.011063526052819406
1 0.05819685033776294 0.2091363311920057 0.00842322833836042 0.016416845110635236
1 0.05800541333007292 0.26641684511063524 0.008806102353740446 0.016059957173447548
1 0.057813976322382915 0.34296930763740185 0.011486220461400576 0.03426124197002145
1 0.057622539314692904 0.4143468950749465 0.009571850384500485 0.03711634546752318
1 0.09878149596804497 0.47287651677373305 0.021440944861281074 0.009992862241256284
1 0.2481023619662525 0.5462169878658102 0.02220669289204113 0.01106352605281935
1 0.18224803132088915 0.6973590292648109 0.009954724399880497 0.01498929336188426
1 0.4048892712643704 0.6973590292648109 0.009571850384500515 0.01570306923625986
1 0.18205659431319918 0.7724839400428266 0.012634842507540612 0.04389721627408982
1 0.40546358228744045 0.7721270521056388 0.011486220461400546 0.0453247680228408
1 0.6887903536686547 0.5508565310492506 0.016846456676720897 0.005353319057815886
1 0.5720137789777489 0.47002141327623126 0.02220669289204113 0.013561741613133504
1 0.46595767671748345 0.4009635974304069 0.01225196849216063 0.05246252676659524
1 0.4657662397097935 0.2557102069950036 0.011869094476780648 0.03390435403283368
1 0.4646176176636534 0.16131334760885083 0.012634842507540612 0.05424696645253391
1 0.515348424701506 0.10778015703069237 0.05360236215320273 0.006423982869379008
1 0.5781397632238292 0.122412562455389 0.01225196849216063 0.022127052105638825
1 0.6528001962229328 0.1386509635974304 0.06891732276840351 0.010349750178443973
2 0.23144734229722164 0.08708065667380442 0.12213681090622615 0.09778729478943612
2 0.11428789359093576 0.14346895074946467 0.10758759832178544 0.060670949321912915
2 0.09418700778348474 0.20788722341184868 0.06815157473764342 0.055317630264097084
2 0.1508523620597276 0.21002855103497503 0.03828740153800194 0.05960028551034974
2 0.17344192896714875 0.2651677373304782 0.22512992104345136 0.23840114204139903
2 0.09437844479117476 0.2699857244825125 0.06700295269150336 0.058886509635974305
2 0.14912942899051754 0.2685581727337616 0.03254429130730165 0.05460385438972162
2 0.25518553125078286 0.4100642398286938 0.06240846450694313 0.11563169164882225
2 0.13936614159832703 0.4225553176302641 0.15621259827504785 0.08922198429693073
2 0.2902185036580546 0.5101713062098501 0.18607677147468935 0.06531049250535337
2 0.33080314928833665 0.5676302640970735 0.12481692901388632 0.036045681655960005
2 0.29251574775033473 0.8263740185581727 0.2113464564897706 0.2273376159885796
2 0.3472667319496775 0.6814775160599572 0.10643897627564537 0.05032119914346889
2 0.23738188953561198 0.6832619557458958 0.10184448809108516 0.04889364739471813
1 0.8875019676508846 0.4693076374018558 0.061259842460803154 0.008565310492505307
1 0.8986053140969052 0.139186295503212 0.07198031489144362 0.010706638115631717
2 0.8852047235586047 0.09760885082084225 0.11256496052172557 0.0724482512491078
2 0.8476830700513627 0.1882583868665239 0.1837795273824092 0.1552462526766595
2 0.6058981293388805 0.09850107066381156 0.1841624013977893 0.07137758743754463
2 0.5821599403853193 0.25999286224125623 0.22551279505883143 0.2987152034261241
2 0.674815452107284 0.3806209850107066 0.03637303146110179 0.061741613133476037
2 0.5392780506627571 0.41399000713775874 0.13285728333686667 0.09850107066381153
2 0.6512687001614128 0.43968593861527483 0.08576377944512441 0.04925053533190582
2 0.6759640741534241 0.5105281941470379 0.04326476373794219 0.07244825124910781
2 0.6007293301312503 0.512847965738758 0.09954724399880498 0.07780157030692364
2 0.8025039362365205 0.31102783725910066 0.09112401566044465 0.08815132048536756
2 0.8899906487508549 0.3094218415417559 0.09916436998342487 0.08922198429693073
2 0.8469173220206027 0.4114917915774447 0.18531102344392938 0.10849393290506781
0 0.1927770667438397 0.1302640970735189 0.03331003933806169 0.03711634546752318
0 0.15755265732887794 0.16131334760885083 0.03484153539958174 0.02640970735189152
0 0.18397096439009927 0.20985010706638116 0.03637303146110185 0.03140613847251961
0 0.11428789359093576 0.19164882226980728 0.0279498031227414 0.03140613847251961
0 0.11218208650634565 0.22644539614561027 0.03445866138420173 0.03319057815845827
0 0.2358503934740919 0.36973590292648106 0.03599015744572181 0.025695931477516032
0 0.1866510824977594 0.37740899357601715 0.0279498031227414 0.029621698786581052
0 0.28868700759653454 0.5608493932905068 0.03139566926116154 0.036045681655960005
0 0.33788631857286705 0.487152034261242 0.03177854327654164 0.03711634546752318
0 0.2429335627586222 0.4878658101356175 0.03484153539958174 0.03925767309064959
0 0.6034094482389104 0.13900785153461814 0.03216141729192162 0.06531049250535331
0 0.6380595466308022 0.38436830835117775 0.03867027555338192 0.03140613847251961
0 0.574311023070029 0.38187009279086365 0.03828740153800182 0.029264810849393252
0 0.6313592513616518 0.4282655246252677 0.033692913353441795 0.03283369022127047
0 0.6390167316692522 0.5273019271948608 0.04364763775332229 0.03675945753033538
0 0.6311678143539617 0.4826909350463955 0.030247047215021593 0.038187009279086415
0 0.35052116108040765 0.6400785153461813 0.03331003933806169 0.03818700927908636
0 0.24082775567403214 0.639186295503212 0.03828740153800194 0.039257673090649536
0 0.8463430109975326 0.13936473947180586 0.031012795245781558 0.06531049250535331
0 0.8585949794896933 0.2746252676659529 0.028715551153501426 0.028907922912205564
0 0.8520861212282329 0.3013918629550321 0.03331003933806169 0.025339043540328343
0 0.8691240149126438 0.3408279800142755 0.028332677138121324 0.03140613847251961