1 0.9007333682556312 0.193359375 0.01885804085908853 0.00927734375
1 0.8844944997380828 0.263916015625 0.012048192771084338 0.0625
1 0.8119434258774227 0.088134765625 0.0178103719224725 0.0078125
1 0.750654793085385 0.087890625 0.017286537454164485 0.00830078125
1 0.6684127815610267 0.087890625 0.03666841278156103 0.0107421875
1 0.5919329491880566 0.087646484375 0.03981141959140912 0.0087890625
1 0.5290728129910948 0.1259765625 0.010476689366160294 0.02001953125
1 0.4504976427448926 0.26513671875 0.012048192771084338 0.0205078125
1 0.28837087480356205 0.203857421875 0.016238868517548456 0.00927734375
1 0.28837087480356205 0.411376953125 0.01676270298585647 0.0087890625
1 0.2077003666841278 0.20361328125 0.04714510214772132 0.01171875
1 0.2079622839182818 0.411865234375 0.04871660555264536 0.0107421875
1 0.4455212152959665 0.676025390625 0.005762179151388162 0.015625
1 0.5322158198009429 0.567138671875 0.014667365112624411 0.0205078125
1 0.6063383970665269 0.46826171875 0.05605028810895757 0.01123046875
1 0.7621791513881614 0.468017578125 0.03614457831325301 0.01123046875
1 0.8632792037716082 0.467041015625 0.05814562598218963 0.01171875
1 0.9209009952854897 0.514404296875 0.006809848088004191 0.0498046875
1 0.9051859612362494 0.57275390625 0.02357255107386066 0.01123046875
1 0.8876375065479308 0.642333984375 0.011000523834468309 0.064453125
2 0.9429020429544264 0.249755859375 0.10476689366160294 0.11376953125
2 0.8823991618648507 0.140380859375 0.06495547407019382 0.10009765625
2 0.8132530120481928 0.121826171875 0.05919329491880566 0.0634765625
2 0.8111576741749608 0.174560546875 0.06390780513357779 0.03564453125
2 0.751964379256155 0.195556640625 0.25563122053431114 0.2099609375
2 0.746726034573075 0.121826171875 0.06338397066526978 0.0625
2 0.7482975379779989 0.1728515625 0.058669460450497646 0.0302734375
2 0.5963855421686747 0.271728515625 0.12414876898899947 0.05810546875
2 0.5830277632268204 0.163818359375 0.09586170770036669 0.1455078125
2 0.4889994761655317 0.304443359375 0.07019381875327396 0.17333984375
2 0.42744892613934 0.34228515625 0.03876375065479309 0.1162109375
2 0.1498166579360922 0.306640625 0.24410686223153483 0.19677734375
2 0.30539549502357255 0.357666015625 0.05395495023572551 0.09912109375
2 0.3033001571503405 0.255126953125 0.05238344683080147 0.0947265625
1 0.5330015715034049 0.861083984375 0.009429020429544265 0.05712890625
1 0.8871136720796229 0.87158203125 0.011524358302776323 0.06689453125
2 0.9316396018858041 0.859130859375 0.07752750130958617 0.10498046875
2 0.8344683080146673 0.823974609375 0.16657936092194867 0.17138671875
2 0.9308538501833421 0.5986328125 0.07647983237297014 0.171875
2 0.7574646411733892 0.57666015625 0.32058669460450495 0.21044921875
2 0.6280775275013096 0.662841796875 0.06600314300680984 0.03369140625
2 0.5921948664222105 0.53662109375 0.10581456259821896 0.1240234375
2 0.5646935568360398 0.64111328125 0.05290728129910948 0.080078125
2 0.48873755893137766 0.6640625 0.07752750130958617 0.04052734375
2 0.48611838658983764 0.593994140625 0.08328968046097433 0.0927734375
2 0.7027239392352017 0.781982421875 0.09481403876375065 0.0849609375
2 0.7045573598742797 0.863525390625 0.09586170770036669 0.09228515625
2 0.5950759559979046 0.823486328125 0.11629125196437926 0.1728515625
0 0.8965426925091671 0.213623046875 0.03981141959140912 0.03125
0 0.8632792037716082 0.180908203125 0.028287061288632794 0.03271484375
0 0.8111576741749608 0.205322265625 0.03352540597171294 0.03369140625
0 0.8308014667365112 0.140380859375 0.03352540597171294 0.02587890625
0 0.7933473022524882 0.138427734375 0.035620743844945 0.0322265625
0 0.6398638030382399 0.253662109375 0.02776322682032478 0.03369140625
0 0.6314824515453117 0.2080078125 0.03195390256678889 0.02587890625
0 0.43478260869565216 0.302978515625 0.03876375065479309 0.029296875
0 0.5138816134101624 0.348876953125 0.03981141959140912 0.02978515625
0 0.5130958617077004 0.260498046875 0.041906757464641176 0.03271484375
0 0.8873755893137768 0.596435546875 0.07019381875327396 0.02978515625
0 0.6241487689889995 0.628662109375 0.03352540597171294 0.0361328125
0 0.6267679413305396 0.5693359375 0.03143006809848088 0.03564453125
0 0.5770036668412781 0.62255859375 0.03509690937663698 0.03125
0 0.4706652697747512 0.629638671875 0.0392875851231011 0.04052734375
0 0.5185961236249346 0.622314453125 0.040859088528025146 0.0283203125
0 0.34965950759559977 0.360595703125 0.040859088528025146 0.03125
0 0.35070717653221584 0.25830078125 0.041906757464641176 0.03564453125
0 0.8868517548454689 0.82275390625 0.07019381875327396 0.02880859375
0 0.7417496071241487 0.834228515625 0.030906233630172867 0.02685546875
0 0.712938711367208 0.828125 0.027239392352016764 0.03125
0 0.6707700366684127 0.843994140625 0.03352540597171294 0.0263671875