2 0.7318435754189944 0.7358783364369956 0.14990689013035374 0.13345747982619502
2 0.8670856610800745 0.5608317815021725 0.19134078212290495 0.20297951582867788
2 0.922486033519553 0.39757914338919925 0.07681564245810057 0.1036623215394165
1 0.88268156424581 0.11142147734326506 0.06983240223463683 0.01675977653631285
1 0.7358007448789572 0.11421477343265052 0.07309124767225317 0.007448789571694592
1 0.5484171322160148 0.11235257603972687 0.08659217877094982 0.012414649286157653
1 0.34869646182495345 0.1101800124146493 0.07541899441340782 0.010552451893234024
1 0.1664338919925512 0.11328367473618871 0.043296089385474856 0.013035381750465555
1 0.08449720670391062 0.4239602731222843 0.012569832402234637 0.11545623836126628
1 0.8868715083798883 0.6691495965238982 0.06983240223463683 0.014897579143389258
1 0.5509776536312849 0.8060211049037864 0.08519553072625707 0.00682805710738658
1 0.34264432029795155 0.8044692737430168 0.056797020484171346 0.013656114214773455
0 0.06005586592178771 0.17815021725636251 0.05865921787709498 0.060831781502172555
2 0.17108938547486033 0.18404717566728737 0.17644320297951582 0.1371818746120422
2 0.1706238361266294 0.44568590937306024 0.17085661080074485 0.3774053382991929
2 0.17411545623836128 0.7200496585971446 0.17411545623836125 0.16263190564866536
2 0.35544692737430167 0.7138423339540658 0.17551210428305397 0.15890751086281818
2 0.29748603351955305 0.569211669770329 0.06797020484171323 0.11793916821849788
2 0.3931564245810056 0.5667287399130975 0.10195530726256985 0.11421477343265056
2 0.39106145251396646 0.4407200496585972 0.0977653631284916 0.11669770328988201
2 0.2967877094972067 0.43544382371198015 0.06843575418994408 0.1198013656114214
1 0.17481378026070762 0.6402855369335816 0.13268156424581007 0.01179391682184979
2 0.5691340782122905 0.45654872749844816 0.6131284916201118 0.6797020484171323
2 0.7323091247672253 0.7377405338299193 0.14618249534450656 0.13594040968342647
2 0.8889664804469274 0.22470515207945374 0.15875232774674108 0.21849782743637491
2 0.7346368715083799 0.22315332091868403 0.14432029795158274 0.22532588454376165
2 0.7094972067039106 0.6052141527001862 0.09404096834264442 0.10552451893234016
0 0.24581005586592178 0.40875232774674114 0.055865921787709494 0.05772811918063322
0 0.2479050279329609 0.7085661080074487 0.061918063314711336 0.07510862818125386
0 0.3175046554934823 0.6530105524518932 0.040968342644320255 0.059590316573556734
0 0.3745344506517691 0.659217877094972 0.0488826815642458 0.07945375543140913
0 0.3787243947858473 0.5366232153941651 0.05353817504655489 0.06765983860955933
0 0.4657821229050279 0.7203600248292985 0.060986964618249484 0.07014276846679095
0 0.702048417132216 0.6983240223463687 0.056797020484171235 0.07821229050279332
0 0.702048417132216 0.5859714463066418 0.05214152700186214 0.0757293606455618
0 0.7937616387337058 0.48168839230291743 0.04748603351955305 0.07448789571694592
0 0.8587057728119181 0.4217877094972067 0.05074487895716939 0.06641837368094346
0 0.784683426443203 0.31750465549348234 0.055400372439478485 0.0676598386095593
0 0.837756052141527 0.31688392302917445 0.05353817504655489 0.0751086281812539
1 0.9676443202979516 0.3770949720670391 0.008845437616387342 0.035381750465549366