2 0.73193359375 0.7360026041666666 0.14990234375 0.13346354166666666
2 0.8671875 0.5608723958333334 0.19140625 0.203125
2 0.922607421875 0.3974609375 0.07666015625 0.103515625
1 0.882568359375 0.111328125 0.06982421875 0.016927083333333332
1 0.73583984375 0.1142578125 0.0732421875 0.007161458333333333
1 0.54833984375 0.1123046875 0.08642578125 0.012369791666666666
1 0.3486328125 0.11002604166666667 0.0751953125 0.010416666666666666
1 0.16650390625 0.11328125 0.04345703125 0.013020833333333334
1 0.08447265625 0.423828125 0.0126953125 0.115234375
1 0.886962890625 0.6692708333333334 0.06982421875 0.014973958333333334
1 0.551025390625 0.8059895833333334 0.0849609375 0.006510416666666667
1 0.342529296875 0.8043619791666666 0.056640625 0.013671875
0 0.06005859375 0.17805989583333334 0.05859375 0.060546875
2 0.171142578125 0.18391927083333334 0.17626953125 0.13736979166666666
2 0.170654296875 0.4456380208333333 0.1708984375 0.3776041666666667
2 0.174072265625 0.7200520833333334 0.17431640625 0.16276041666666666
2 0.35546875 0.7138671875 0.17529296875 0.15885416666666666
2 0.297607421875 0.5693359375 0.06787109375 0.11783854166666667
2 0.39306640625 0.5667317708333334 0.10205078125 0.11393229166666667
2 0.39111328125 0.4407552083333333 0.09765625 0.11653645833333333
2 0.296875 0.435546875 0.068359375 0.11979166666666667
1 0.1748046875 0.6402994791666666 0.1328125 0.01171875
2 0.569091796875 0.4567057291666667 0.61328125 0.6796875
2 0.732421875 0.7376302083333334 0.14599609375 0.13606770833333334
2 0.888916015625 0.224609375 0.15869140625 0.21875
2 0.734619140625 0.22330729166666666 0.14453125 0.22526041666666666
2 0.70947265625 0.6051432291666666 0.09423828125 0.10546875
0 0.245849609375 0.4088541666666667 0.0556640625 0.057942708333333336
0 0.247802734375 0.7086588541666666 0.06201171875 0.07486979166666667
0 0.3173828125 0.6529947916666666 0.041015625 0.059895833333333336
0 0.37451171875 0.6591796875 0.048828125 0.07942708333333333
0 0.378662109375 0.5367838541666666 0.0537109375 0.06770833333333333
0 0.4658203125 0.7203776041666666 0.06103515625 0.0703125
0 0.7021484375 0.6982421875 0.056640625 0.078125
0 0.7021484375 0.5859375 0.05224609375 0.07552083333333333
0 0.793701171875 0.4817708333333333 0.04736328125 0.07421875
0 0.858642578125 0.421875 0.05078125 0.06640625
0 0.78466796875 0.3173828125 0.05517578125 0.06770833333333333
0 0.837646484375 0.3167317708333333 0.0537109375 0.07486979166666667
1 0.967529296875 0.376953125 0.0087890625 0.03515625