2 0.677001953125 0.19075520833333334 0.10009765625 0.19986979166666666
2 0.54541015625 0.06901041666666667 0.15234375 0.13802083333333334
1 0.20849609375 0.018229166666666668 0.0126953125 0.036458333333333336
1 0.210693359375 0.185546875 0.00537109375 0.09765625
1 0.209228515625 0.435546875 0.00927734375 0.115234375
1 0.20751953125 0.7018229166666666 0.0078125 0.10026041666666667
1 0.2099609375 0.9446614583333334 0.009765625 0.057942708333333336
1 0.626708984375 0.015299479166666666 0.01123046875 0.030598958333333332
1 0.7294921875 0.4319661458333333 0.0048828125 0.11328125
1 0.728271484375 0.7099609375 0.01025390625 0.07552083333333333
2 0.262939453125 0.9104817708333334 0.10302734375 0.17903645833333334
2 0.458984375 0.9124348958333334 0.283203125 0.17513020833333334
2 0.6650390625 0.9091796875 0.1220703125 0.181640625
2 0.660400390625 0.6927083333333334 0.119140625 0.23372395833333334
2 0.552001953125 0.7698567708333334 0.08837890625 0.09049479166666667
2 0.550048828125 0.642578125 0.08544921875 0.13606770833333334
2 0.45556640625 0.6451822916666666 0.08740234375 0.13020833333333334
2 0.45166015625 0.7708333333333334 0.08984375 0.09114583333333333
1 0.60498046875 0.9225260416666666 0.0087890625 0.15494791666666666
2 0.46728515625 0.408203125 0.509765625 0.81640625
2 0.67822265625 0.19010416666666666 0.10205078125 0.19466145833333334
2 0.29345703125 0.043619791666666664 0.1640625 0.08723958333333333
2 0.29248046875 0.18717447916666666 0.1689453125 0.19270833333333334
2 0.578857421875 0.220703125 0.0791015625 0.12565104166666666
0 0.431640625 0.8388671875 0.04345703125 0.07421875
0 0.656494140625 0.8362630208333334 0.05615234375 0.08268229166666667
0 0.61474609375 0.7434895833333334 0.044921875 0.0546875
0 0.619384765625 0.6673177083333334 0.0595703125 0.06510416666666667
0 0.527587890625 0.6617838541666666 0.05078125 0.07161458333333333
0 0.665283203125 0.5455729166666666 0.052734375 0.08138020833333333
0 0.648681640625 0.23046875 0.05859375 0.07552083333333333
0 0.564453125 0.23046875 0.056640625 0.06966145833333333
0 0.486328125 0.1083984375 0.0556640625 0.06315104166666667
0 0.44140625 0.027669270833333332 0.0498046875 0.055338541666666664
0 0.363037109375 0.12044270833333333 0.05078125 0.07356770833333333
0 0.362548828125 0.0498046875 0.05615234375 0.07161458333333333