1 0.5102669364074023 0.5420199041651308 0.10314825704904008 0.015112421673424192
1 0.6134151934564424 0.5453372650202728 0.0996907735725359 0.015112421673424192
1 0.7229021702124068 0.5425727976409879 0.10199576255687197 0.014006634721710265
1 0.829507910737951 0.5464430519719867 0.09853827908036795 0.015112421673424192
1 0.9009625692523698 0.7226317729450793 0.023626137089444846 0.04238849981570225
1 0.22300768423451686 0.6159233321046812 0.10141951531078802 0.008846295613711863
1 0.3244271995453049 0.6153704386288241 0.10141951531078808 0.007740508661997714
1 0.09652141371907384 0.37725764835974934 0.01555867564426863 0.08883155178768887
1 0.22358393148060088 0.133984518982676 0.09680953734211588 0.007740508661997769
1 0.32788468302180906 0.13619609288610393 0.10833448226379636 0.009952082565425735
1 0.6828529866095672 0.06561002580169555 0.42872795108651296 0.01842978252856617
1 0.9058606708440841 0.24235164025064504 0.020744900859024723 0.04238849981570217
1 0.8067461445176322 0.3962403243641725 0.11063947124813232 0.01621820862513823
1 0.5972802705660898 0.3951345374124585 0.08125086169784725 0.01621820862513823
2 0.23049889843360916 0.3741245853298931 0.2662262276908186 0.18208625138223367
2 0.3160716144770866 0.09491338002211575 0.27486993638207896 0.07040176925912273
2 0.5379268042194354 0.26631035753778104 0.7289527662962889 0.40877257648359755
2 0.50421634032352 0.3568005897530409 0.07491214199092294 0.06708440840398089
2 0.605059608388224 0.3568005897530409 0.09680953734211578 0.06266126059712496
2 0.8153898532088923 0.2814227792112053 0.150976778474014 0.21784002948765202
2 0.6981235386307938 0.3573534832288979 0.06281094982315857 0.06155547364541103
0 0.7531551506318179 0.3474014006634722 0.05416724113189822 0.03354220420199039
0 0.828643539868825 0.18816807961666052 0.04264229621021757 0.033542204201990444
0 0.7217496757202387 0.31275340950976777 0.05589598287015022 0.029119056395134568
0 0.605059608388224 0.3182823442683376 0.03918481273371356 0.020272760781422816
0 0.4854883048257893 0.31717655731662364 0.03745607099546156 0.02248433468485067
0 0.4212367368874208 0.12218945816439367 0.05070975765539404 0.035753778105418355
0 0.40250870138969 0.36048654625875415 0.04437103794846974 0.029487652045705803
0 0.4408291432542776 0.352930335422042 0.0288123623042012 0.02248433468485067
0 0.4408291432542776 0.3995576852193144 0.03226984578070521 0.02064135643199405
0 0.401932454143606 0.40324364172502764 0.0593534663466544 0.041282712863988213
0 0.17719602817083704 0.4939181717655732 0.15962048716527433 0.059712495392554354
2 0.3068516585397422 0.57519351271655 0.2829373978272552 0.07040176925912278
2 0.5667391665236365 0.6175820125322521 0.20341527786766006 0.1529671949870992
2 0.779662523951683 0.6218208625138223 0.21551647003542448 0.1444894950239588
2 0.8084748862558842 0.784371544415776 0.1544342619505181 0.17250276446737933
2 0.6347363415615512 0.8407666789531884 0.19304282743814768 0.061924069295982376
2 0.4448628739768657 0.709730925175083 0.5520448617484939 0.18098046443051974
0 0.6439562974988956 0.683007740508662 0.04898101591714204 0.025801695539992675
0 0.6975472913847097 0.6852193144120899 0.03745607099546156 0.025801695539992675
0 0.7211734284741547 0.7921120530777737 0.04437103794846974 0.027276078142277838
0 0.6390581959071814 0.7932178400294877 0.03572732925720938 0.025064504238849983
0 0.477132719757571 0.7957980095834869 0.0368798237493775 0.023590121636564598
0 0.42728733297130295 0.7996682639144858 0.05589598287015022 0.024695908588278748
0 0.3077160294088683 0.794692222631773 0.05416724113189813 0.023590121636564598
0 0.1907378384538116 0.7991153704386288 0.05070975765539404 0.02801326944342053
2 0.1662473304952406 0.9096940656100257 0.1607729816574424 0.06929598230740885
0 0.19160220932293762 0.8826022852930335 0.045523532440637796 0.023958717287136055
2 0.16682357774132464 0.8142277921120531 0.15962048716527433 0.11057869517139696
2 0.30858040027799427 0.8772576483597494 0.11006322400204835 0.14301511242167342
2 0.39156000371409355 0.8413195724290453 0.10314825704904008 0.05418356063398444
2 0.4958607552553017 0.8380022115739034 0.08125086169784725 0.0630298562476963
0 0.4125930281961604 0.6065241430151124 0.05416724113189818 0.03354220420199039