1 0.565648854961832 0.493408203125 0.02366412213740458 0.06591796875
1 0.5709923664122137 0.427490234375 0.02366412213740458 0.06396484375
1 0.566412213740458 0.357421875 0.022137404580152672 0.0654296875
1 0.5725190839694656 0.289306640625 0.02366412213740458 0.06298828125
1 0.8480916030534351 0.243408203125 0.06641221374045801 0.01513671875
1 0.6812977099236641 0.67724609375 0.013740458015267175 0.06494140625
1 0.6805343511450381 0.6123046875 0.012213740458015267 0.06494140625
1 0.30801526717557254 0.758056640625 0.13893129770992366 0.009765625
1 0.09732824427480916 0.240478515625 0.06641221374045801 0.01318359375
1 0.3377862595419847 0.3037109375 0.025190839694656488 0.07080078125
1 0.33587786259541985 0.437744140625 0.025190839694656488 0.0517578125
2 0.30305343511450383 0.67236328125 0.28473282442748094 0.17041015625
2 0.22709923664122136 0.475830078125 0.4541984732824427 0.46630859375
2 0.27595419847328245 0.497314453125 0.10458015267175573 0.0478515625
2 0.27595419847328245 0.432861328125 0.09770992366412214 0.06201171875
2 0.16412213740458015 0.29833984375 0.3282442748091603 0.0966796875
2 0.2770992366412214 0.373291015625 0.09618320610687023 0.0400390625
0 0.26145038167938933 0.338134765625 0.05267175572519084 0.03466796875
0 0.019465648854961833 0.28955078125 0.038931297709923665 0.02734375
0 0.20725190839694657 0.358154296875 0.04580152671755725 0.03564453125
0 0.21603053435114503 0.432861328125 0.03206106870229008 0.02490234375
0 0.21412213740458017 0.50927734375 0.035114503816793895 0.02392578125
0 0.2820610687022901 0.562255859375 0.04580152671755725 0.0283203125
0 0.27022900763358776 0.537841796875 0.035114503816793895 0.0185546875
0 0.3431297709923664 0.537841796875 0.03206106870229008 0.0205078125
0 0.34885496183206105 0.562744140625 0.0648854961832061 0.0380859375
0 0.4904580152671756 0.70654296875 0.09312977099236641 0.10205078125
2 0.6175572519083969 0.62353515625 0.1099236641221374 0.18115234375
2 0.683969465648855 0.457275390625 0.23893129770992366 0.1298828125
2 0.6904580152671755 0.321044921875 0.22595419847328244 0.1376953125
2 0.9049618320610687 0.302734375 0.1900763358778626 0.0986328125
2 0.8278625954198473 0.53515625 0.283206106870229 0.35302734375
0 0.7862595419847328 0.407958984375 0.04045801526717557 0.03125
0 0.7896946564885496 0.37353515625 0.04045801526717557 0.02392578125
0 0.9564885496183206 0.358642578125 0.042748091603053436 0.0283203125
0 0.9583969465648855 0.4111328125 0.038931297709923665 0.02294921875
0 0.9625954198473282 0.5146484375 0.0366412213740458 0.0234375
0 0.9683206106870229 0.546630859375 0.038931297709923665 0.03564453125
0 0.9606870229007634 0.623046875 0.0366412213740458 0.03466796875
0 0.9675572519083969 0.69775390625 0.04351145038167939 0.0322265625
2 0.9522900763358778 0.713134765625 0.09541984732824428 0.10205078125
2 0.9893129770992366 0.50244140625 0.021374045801526718 0.0517578125
0 0.666412213740458 0.555908203125 0.05267175572519084 0.03466796875