1 0.43435114503816796 0.506591796875 0.02366412213740458 0.06591796875
1 0.42900763358778626 0.572509765625 0.02366412213740458 0.06396484375
1 0.433587786259542 0.642578125 0.022137404580152672 0.0654296875
1 0.42748091603053434 0.710693359375 0.02366412213740458 0.06298828125
1 0.15190839694656488 0.756591796875 0.06641221374045801 0.01513671875
1 0.3187022900763359 0.32275390625 0.013740458015267175 0.06494140625
1 0.3194656488549618 0.3876953125 0.012213740458015267 0.06494140625
1 0.6919847328244275 0.241943359375 0.13893129770992366 0.009765625
1 0.9026717557251909 0.759521484375 0.06641221374045801 0.01318359375
1 0.6622137404580153 0.6962890625 0.025190839694656488 0.07080078125
1 0.6641221374045801 0.562255859375 0.025190839694656488 0.0517578125
2 0.6969465648854962 0.32763671875 0.28473282442748094 0.17041015625
2 0.7729007633587787 0.524169921875 0.4541984732824427 0.46630859375
2 0.7240458015267176 0.502685546875 0.10458015267175573 0.0478515625
2 0.7240458015267176 0.567138671875 0.09770992366412214 0.06201171875
2 0.8354961832061069 0.70166015625 0.3290076335877863 0.0966796875
2 0.7229007633587786 0.626708984375 0.09618320610687023 0.0400390625
0 0.7385496183206107 0.661865234375 0.05267175572519084 0.03466796875
0 0.9805343511450382 0.7099609375 0.038931297709923665 0.02734375
0 0.7927480916030535 0.641845703125 0.04580152671755725 0.03564453125
0 0.783969465648855 0.567138671875 0.03206106870229008 0.02490234375
0 0.7858778625954198 0.49072265625 0.035114503816793895 0.02392578125
0 0.7179389312977099 0.437744140625 0.04580152671755725 0.0283203125
0 0.7297709923664122 0.462158203125 0.035114503816793895 0.0185546875
0 0.6568702290076336 0.462158203125 0.03206106870229008 0.0205078125
0 0.6511450381679389 0.437255859375 0.0648854961832061 0.0380859375
0 0.5095419847328244 0.29345703125 0.09312977099236641 0.10205078125
2 0.38244274809160306 0.37646484375 0.1099236641221374 0.18115234375
2 0.31603053435114503 0.542724609375 0.23893129770992366 0.1298828125
2 0.3095419847328244 0.678955078125 0.22595419847328244 0.1376953125
2 0.0950381679389313 0.697265625 0.1900763358778626 0.0986328125
2 0.17213740458015267 0.46484375 0.283206106870229 0.35302734375
0 0.21374045801526717 0.592041015625 0.04045801526717557 0.03125
0 0.2103053435114504 0.62646484375 0.04045801526717557 0.02392578125
0 0.04351145038167939 0.641357421875 0.042748091603053436 0.0283203125
0 0.0416030534351145 0.5888671875 0.038931297709923665 0.02294921875
0 0.03740458015267176 0.4853515625 0.0366412213740458 0.0234375
0 0.0316793893129771 0.453369140625 0.038931297709923665 0.03564453125
0 0.03931297709923664 0.376953125 0.0366412213740458 0.03466796875
0 0.03244274809160305 0.30224609375 0.04351145038167939 0.0322265625
2 0.04732824427480916 0.286865234375 0.09465648854961832 0.10205078125
2 0.010305343511450382 0.4970703125 0.020610687022900764 0.0517578125
0 0.333587786259542 0.444091796875 0.05267175572519084 0.03466796875