2 0.6431801055011304 0.6825 0.2614920874152223 0.635
2 0.6525998492840994 0.1775 0.24114544084400905 0.355
2 0.4046721929163527 0.324375 0.24189902034664656 0.4125
2 0.37113790504898264 0.191875 0.16428033157498115 0.1625
2 0.4050489826676714 0.04625 0.24340617935192163 0.0925
0 0.557648831951771 0.195625 0.06706857573474001 0.0975
0 0.4898266767143934 0.063125 0.058025621703089676 0.1
0 0.4788997739261492 0.211875 0.06179351921627732 0.0925
0 0.5015071590052751 0.48125 0.06480783722682742 0.09625
0 0.2792012057272042 0.44 0.12660135644310475 0.09875
0 0.5602863602110023 0.974375 0.06103993971363979 0.05125