2 0.3560663149962321 0.316875 0.2614920874152223 0.63375
2 0.346646571213263 0.821875 0.24114544084400905 0.35625
2 0.5953278070836473 0.675625 0.24189902034664656 0.4125
2 0.6288620949510173 0.808125 0.16428033157498115 0.1625
2 0.594197437829691 0.953125 0.24340617935192163 0.09375
0 0.4423511680482291 0.804375 0.06706857573474001 0.0975
0 0.5101733232856066 0.936875 0.058025621703089676 0.1
0 0.5211002260738508 0.788125 0.06179351921627732 0.0925
0 0.49849284099472496 0.51875 0.06480783722682742 0.09625
0 0.7207987942727958 0.56 0.12660135644310475 0.09875
0 0.4389600602863602 0.025 0.06103993971363979 0.05