1 0.6934487021013597 0.2868920032976092 0.021631644004944377 0.0898598516075845
1 0.6946847960444994 0.4373454245671888 0.02533992583436341 0.04286892003297609
1 0.6047589616810878 0.8441879637262985 0.06427688504326329 0.03709810387469085
1 0.46755253399258345 0.841714756801319 0.0630407911001236 0.03544929925803792
1 0.3680469715698393 0.8437757625721352 0.07911001236093942 0.036273701566364384
2 0.7802843016069221 0.7032151690024732 0.1446229913473424 0.19703215169002472
2 0.48176761433868975 0.4921681780708986 0.40173053152039556 0.6735366859027205
2 0.4953646477132262 0.44929925803792253 0.19530284301606923 0.11788953009068426
2 0.6427688504326329 0.4505358615004122 0.08590852904820766 0.12036273701566365
0 0.3912237330037083 0.42250618301731246 0.09826946847960445 0.06430338004946413
0 0.2700865265760198 0.23577906018136852 0.1180469715698393 0.07502061005770816
0 0.6940667490729295 0.7036273701566365 0.10444993819530285 0.05605935696619951
0 0.5784919653893696 0.421681780708986 0.04511742892459827 0.04781533388293487