2 0.13127294981640147 0.7465145754119138 0.21848225214198286 0.4752851711026616
1 0.2481640146878825 0.8871989860583016 0.021419828641370868 0.1229404309252218
1 0.24755201958384332 0.617553865652725 0.016523867809057527 0.12991128010139416
1 0.24755201958384332 0.3929024081115336 0.016523867809057527 0.13561470215462612
1 0.2484700122399021 0.11406844106463879 0.01835985312117503 0.1267427122940431
1 0.7652998776009792 0.32731305449936626 0.016523867809057527 0.03358681875792142
2 0.857405140758874 0.0982256020278834 0.17258261933904528 0.16856780735107732
2 0.6799265605875153 0.053865652724968315 0.1211750305997552 0.06717363751584284
2 0.7380660954712362 0.2534854245880862 0.037943696450428395 0.09125475285171103
2 0.8586291309669523 0.2693282636248416 0.1701346389228886 0.155893536121673
2 0.50734394124847 0.24524714828897337 0.49938800489596086 0.449936628643853
2 0.6826805385556916 0.6362484157160964 0.14504283965728273 0.22306717363751585
2 0.5917992656058751 0.596958174904943 0.10159118727050184 0.14575411913814956
2 0.554467564259486 0.9173003802281369 0.11505507955936352 0.11723700887198986
2 0.6272949816401469 0.8643852978453739 0.2631578947368421 0.22053231939163498
2 0.4256425948592411 0.6362484157160964 0.3445532435740514 0.2332065906210393
2 0.3714810281517748 0.8685044359949303 0.23011015911872704 0.21863117870722434
2 0.17258261933904528 0.8523447401774398 0.12362301101591187 0.26362484157160965
2 0.18115055079559364 0.35012674271229405 0.11260709914320685 0.25918884664131814
0 0.2484700122399021 0.79404309252218 0.12239902080783353 0.06337135614702155
0 0.4669522643818849 0.7927756653992395 0.05997552019583843 0.05576679340937896
0 0.5305997552019583 0.7278200253485425 0.05263157894736842 0.0614702154626109
0 0.5480416156670747 0.8320659062103929 0.04100367197062423 0.057034220532319393
0 0.6793145654834761 0.7762991128010139 0.042839657282741736 0.053231939163498096
0 0.6701346389228886 0.635297845373891 0.05507955936352509 0.043726235741444866
0 0.25 0.2899239543726236 0.12178702570379436 0.06273764258555133
0 0.5896572827417381 0.12610899873257286 0.06303549571603427 0.058301647655259824
0 0.6796205630354957 0.11818757921419519 0.05324357405140759 0.06780735107731306
0 0.6854345165238678 0.24397972116603295 0.05507955936352509 0.053231939163498096
0 0.7928396572827417 0.24778200253485425 0.06915544675642595 0.062103929024081114
0 0.879436964504284 0.217680608365019 0.05263157894736842 0.06780735107731306