1 0.3094186902133922 0.019627085377821395 0.16409124356144222 0.02747791952894995
2 0.5235467255334805 0.16094210009813542 0.20824135393671817 0.32188420019627084
2 0.5688005886681383 0.7105004906771345 0.10743193524650478 0.18253189401373895
2 0.5956585724797645 0.9180569185475956 0.33922001471670343 0.16388616290480865
2 0.2869757174392936 0.8042198233562315 0.26048565121412803 0.3915603532875368
2 0.39514348785871967 0.42885181550539747 0.47093451066961 0.8007850834151129
0 0.3833701250919794 0.7733071638861629 0.07211184694628403 0.09224730127576054
0 0.4760853568800589 0.8694798822374877 0.05592347314201619 0.08439646712463199
0 0.4863870493009566 0.7325809617271836 0.05739514348785872 0.06771344455348381
0 0.6376011773362766 0.5323846908734053 0.14937454010301693 0.10893032384690873
0 0.6000735835172921 0.28900883218842 0.05665930831493746 0.08145240431795878
0 0.19536423841059603 0.058390578999018644 0.0728476821192053 0.11285574092247301