1 0.23429951690821257 0.7179190751445087 0.030193236714975844 0.1653179190751445
1 0.23248792270531402 0.2514450867052023 0.036231884057971016 0.19653179190751446
2 0.3834541062801932 0.7121387283236994 0.2608695652173913 0.37803468208092483
2 0.5935990338164251 0.8132947976878613 0.14251207729468598 0.15722543352601157
2 0.5948067632850241 0.6271676300578035 0.1570048309178744 0.20809248554913296
2 0.553743961352657 0.4190751445086705 0.5990338164251208 0.638150289017341
2 0.11714975845410629 0.3063583815028902 0.19685990338164253 0.40346820809248557
0 0.23671497584541062 0.3959537572254335 0.22826086956521738 0.10173410404624278
0 0.3834541062801932 0.47341040462427747 0.10144927536231885 0.11560693641618497
0 0.6207729468599034 0.6971098265895954 0.08091787439613526 0.08439306358381503
0 0.7059178743961353 0.6265895953757226 0.07971014492753623 0.07514450867052024
0 0.8617149758454107 0.5913294797687861 0.23429951690821257 0.13179190751445086