1 0.009975669099756692 0.30042517633758514 0.014111922141119221 0.11136179311361795
1 0.012652068126520682 0.5181154611811547 0.01557177615571776 0.13652830003194974
1 0.00948905109489051 0.701201799012018 0.01508515815085158 0.11513676915136775
1 0.33771289537712895 0.79998033866647 0.07591240875912408 0.018245717515790516
1 0.3656934306569343 0.2000737300007373 0.12700729927007304 0.025166506918331704
1 0.5145985401459854 0.3117501044508344 0.014111922141119226 0.11010346776770139
1 0.8683698296836984 0.20227579935609133 0.13868613138686126 0.020762368207623713
1 0.5111922141119222 0.48288235149549025 0.015085158150851541 0.04467054978003889
1 0.5124087591240876 0.5637297549706309 0.012652068126520755 0.05536631522032981
1 0.510705596107056 0.7172454471724544 0.016058394160583855 0.11324928113249268
2 0.09245742092457421 0.13621371869547053 0.15279805352798054 0.11765341984320088
2 0.3739659367396594 0.3428936567622699 0.16496350364963508 0.26676497333431637
2 0.4 0.5476861068101945 0.10802919708029202 0.1277200226105336
2 0.3708029197080292 0.7056059377227262 0.16642335766423355 0.17931136179311355
2 0.31605839416058396 0.5448548747818821 0.05012165450121653 0.12583253459165866
2 0.15255474452554746 0.6058836540588366 0.26131386861313877 0.3787559291208927
2 0.15255474452554746 0.31804173118041734 0.2632603406326034 0.2246110742461108
2 0.23138686131386862 0.13275332399419992 0.11727493917274939 0.11954090786207576
2 0.6223844282238443 0.3293666592936666 0.2043795620437956 0.2346776770134435
2 0.648418491484185 0.14439283344392834 0.259367396593674 0.10129519034628526
2 0.6343065693430657 0.7049767750497677 0.2330900243309002 0.18434466317677994
2 0.8141119221411193 0.868244488682445 0.20340632603406328 0.12205755855390894
2 0.780778588807786 0.7575118582417854 0.06082725060827254 0.07549952075499511
2 0.5948905109489051 0.5624714296247143 0.14939172749391716 0.07675784610091178
2 0.7416058394160584 0.5045884637125514 0.4408759124087591 0.5901545872348793
0 0.7481751824817519 0.18151343114846766 0.033576642335766405 0.058512128585121274
0 0.7082725060827251 0.3806434171397675 0.039416058394160514 0.049074688490746886
0 0.6854014598540147 0.5719088697190887 0.035523114355231256 0.041524736415247426
0 0.7878345498783456 0.6996288923296223 0.03406326034063256 0.05033301383666341
0 0.7333333333333334 0.6864164761974981 0.04184914841849152 0.05284966452849675
0 0.7805352798053529 0.8232593575659269 0.03211678832116793 0.06102877927695447
0 0.37445255474452555 0.6319939049866058 0.035523114355231145 0.04718720047187195
0 0.27153284671532846 0.7575118582417854 0.038929440389294356 0.05033301383666341
0 0.2717761557177616 0.5467423628007569 0.041362530413625365 0.04026641106933076
0 0.30194647201946473 0.4511096365110964 0.04038929440389294 0.05033301383666341
0 0.2515815085158151 0.3941704146083709 0.032116788321167905 0.042153899088205694
0 0.24379562043795622 0.17899678045663447 0.031143552311435507 0.05347882720145494
0 0.18710462287104623 0.139359532060262 0.034549878345498775 0.03460394701270613