1 0.26806640625 0.2900883838383838 0.01416015625 0.09785353535353536
1 0.73193359375 0.3263888888888889 0.01953125 0.16414141414141414
1 0.6455078125 0.5189393939393939 0.0849609375 0.018308080808080808
1 0.730224609375 0.9431818181818182 0.01611328125 0.11363636363636363
1 0.51318359375 0.514520202020202 0.03466796875 0.019570707070707072
1 0.45068359375 0.5160984848484849 0.04296875 0.016414141414141416
1 0.33203125 0.5138888888888888 0.08740234375 0.020833333333333332
2 0.78125 0.03598484848484849 0.0908203125 0.07196969696969698
2 0.62158203125 0.3371212121212121 0.20654296875 0.21338383838383837
2 0.463134765625 0.37058080808080807 0.0986328125 0.13952020202020202
2 0.341064453125 0.33301767676767674 0.138671875 0.2152777777777778
2 0.46533203125 0.2623106060606061 0.09716796875 0.06502525252525253
2 0.41796875 0.10984848484848485 0.29296875 0.2196969696969697
2 0.640625 0.11047979797979798 0.173828125 0.22095959595959597
2 0.783935546875 0.1527777777777778 0.09228515625 0.15151515151515152
2 0.632080078125 0.6581439393939394 0.181640625 0.26452020202020204
2 0.775146484375 0.6919191919191919 0.078125 0.3352272727272727
2 0.341552734375 0.6736111111111112 0.142578125 0.30113636363636365
2 0.215087890625 0.8873106060606061 0.09423828125 0.22537878787878787
2 0.30078125 0.8630050505050505 0.05859375 0.07891414141414141
2 0.45166015625 0.6227904040404041 0.0595703125 0.19318181818181818
2 0.496337890625 0.7635732323232324 0.45654296875 0.47285353535353536
0 0.746337890625 0.8210227272727273 0.04541015625 0.043560606060606064
0 0.59228515625 0.7692550505050505 0.0380859375 0.05113636363636364
0 0.4443359375 0.7395833333333334 0.0322265625 0.046085858585858584
0 0.345703125 0.8721590909090909 0.0390625 0.04419191919191919
0 0.355712890625 0.8017676767676768 0.041015625 0.054292929292929296
0 0.25 0.8626893939393939 0.04736328125 0.041666666666666664
0 0.39794921875 0.33775252525252525 0.03662109375 0.046085858585858584
0 0.30078125 0.20454545454545456 0.0390625 0.050505050505050504
0 0.4638671875 0.2048611111111111 0.03125 0.05366161616161616
0 0.537841796875 0.24400252525252525 0.0390625 0.052398989898989896
0 0.581787109375 0.17866161616161616 0.03271484375 0.041666666666666664
0 0.748291015625 0.16887626262626262 0.04150390625 0.04040404040404041
0 0.779052734375 0.09532828282828283 0.02685546875 0.04482323232323232