2 0.8015094339622642 0.3789378937893789 0.03018867924528302 0.1116111611161116
2 0.8033962264150943 0.630963096309631 0.033962264150943396 0.11341134113411341
2 0.8011320754716981 0.8834383438343835 0.030943396226415093 0.11251125112511251
2 0.6471698113207547 0.011251125112511251 0.12754716981132075 0.022502250225022502
2 0.42377358490566036 0.012151215121512151 0.10037735849056603 0.024302430243024302
2 0.23924528301886794 0.990999099909991 0.07547169811320754 0.018001800180018002
0 0.2709433962264151 0.846984698469847 0.22792452830188678 0.27542754275427545
0 0.6437735849056604 0.26327632763276326 0.28226415094339624 0.47074707470747074
0 0.39622641509433965 0.20522052205220523 0.18867924528301888 0.3564356435643564
0 0.39584905660377356 0.5459045904590459 0.1939622641509434 0.3033303330333033
0 0.6128301886792453 0.6561656165616562 0.3471698113207547 0.30423042304230424
0 0.5852830188679246 0.8483348334833484 0.39773584905660375 0.27992799279927993
1 0.7573584905660378 0.5760576057605761 0.04 0.0576057605760576
1 0.7067924528301887 0.5774077407740774 0.0430188679245283 0.05670567056705671
1 0.6452830188679245 0.5783078307830783 0.03924528301886793 0.05670567056705671
1 0.5954716981132075 0.5801080108010801 0.03924528301886793 0.05490549054905491
1 0.5286792452830189 0.47884788478847884 0.0430188679245283 0.052205220522052204
1 0.5230188679245283 0.44374437443744374 0.06943396226415094 0.0846084608460846
1 0.45433962264150946 0.3564356435643564 0.061886792452830186 0.081008100810081
1 0.3754716981132076 0.3073807380738074 0.0369811320754717 0.05310531053105311
1 0.32566037735849057 0.3055805580558056 0.033962264150943396 0.05670567056705671
1 0.2577358490566038 0.4464446444644464 0.08075471698113207 0.08820882088208822
1 0.32528301886792454 0.6606660666066607 0.06641509433962264 0.07200720072007201
1 0.4652830188679245 0.5787578757875788 0.0430188679245283 0.0558055805580558
1 0.4630188679245283 0.6071107110711071 0.06264150943396227 0.0711071107110711
1 0.3686792452830189 0.7394239423942395 0.047547169811320754 0.04770477047704771
1 0.34641509433962264 0.738073807380738 0.057358490566037736 0.0774077407740774
1 0.3667924528301887 0.7988298829882988 0.05433962264150943 0.05310531053105311
1 0.21509433962264152 0.9581458145814582 0.045283018867924525 0.05310531053105311
1 0.45132075471698113 0.9545454545454546 0.04226415094339623 0.05490549054905491
1 0.41094339622641507 0.873087308730873 0.05811320754716981 0.0666066606660666