2 0.9137630662020906 0.38181818181818183 0.023519163763066203 0.07210031347962383
2 0.9163763066202091 0.5322884012539185 0.032229965156794424 0.07335423197492164
2 0.9189895470383276 0.6579937304075235 0.03397212543554007 0.07648902821316614
2 0.867595818815331 0.8282131661442006 0.032229965156794424 0.016927899686520375
2 0.49390243902439024 0.8288401253918495 0.032229965156794424 0.01818181818181818
2 0.12587108013937282 0.828526645768025 0.12195121951219512 0.0225705329153605
2 0.033101045296167246 0.43479623824451413 0.03397212543554007 0.0890282131661442
2 0.028310104529616725 0.2858934169278997 0.0156794425087108 0.08087774294670846
1 0.02264808362369338 0.5482758620689655 0.04529616724738676 0.06959247648902821
1 0.08057491289198607 0.5717868338557994 0.05574912891986063 0.0445141065830721
0 0.9655923344947736 0.49780564263322885 0.06881533101045297 0.6658307210031348
0 0.7399825783972126 0.7018808777429467 0.3327526132404181 0.22946708463949844
0 0.4912891986062718 0.635423197492163 0.14198606271777003 0.08401253918495298
0 0.49477351916376305 0.7495297805642633 0.1402439024390244 0.14043887147335424
0 0.2260452961672474 0.7 0.3588850174216028 0.23699059561128527
0 0.19729965156794424 0.2617554858934169 0.30662020905923343 0.17178683385579938
0 0.7399825783972126 0.2482758620689655 0.3170731707317073 0.1523510971786834
0 0.49085365853658536 0.24106583072100313 0.15505226480836237 0.12664576802507838
0 0.47473867595818814 0.4567398119122257 0.8475609756097561 0.2495297805642633
1 0.9468641114982579 0.2507836990595611 0.10627177700348432 0.07272727272727272
1 0.9529616724738676 0.45642633228840124 0.09407665505226481 0.07147335423197493
1 0.6189024390243902 0.3605015673981191 0.09233449477351917 0.07210031347962383
1 0.6132404181184669 0.6181818181818182 0.08101045296167247 0.07711598746081505
1 0.6049651567944251 0.752037617554859 0.08013937282229965 0.06018808777429467
1 0.4573170731707317 0.561755485893417 0.07926829268292683 0.05454545454545454
1 0.6040940766550522 0.2749216300940439 0.09581881533101046 0.05893416927899686
1 0.21385017421602787 0.3184952978056426 0.09407665505226481 0.064576802507837