2 0.08623693379790941 0.6181818181818182 0.023519163763066203 0.07210031347962383
2 0.08362369337979095 0.4677115987460815 0.032229965156794424 0.07335423197492164
2 0.08101045296167247 0.3420062695924765 0.03397212543554007 0.07648902821316614
2 0.13240418118466898 0.17178683385579938 0.032229965156794424 0.016927899686520375
2 0.5060975609756098 0.17115987460815046 0.032229965156794424 0.01818181818181818
2 0.8741289198606271 0.17147335423197493 0.12195121951219512 0.0225705329153605
2 0.9668989547038328 0.5652037617554859 0.03397212543554007 0.0890282131661442
2 0.9716898954703833 0.7141065830721003 0.0156794425087108 0.08087774294670846
1 0.9769163763066202 0.45109717868338556 0.046167247386759584 0.06959247648902821
1 0.919425087108014 0.42821316614420063 0.05574912891986063 0.0445141065830721
0 0.03397212543554007 0.5015673981191222 0.06794425087108014 0.6658307210031348
0 0.26001742160278746 0.2981191222570533 0.3327526132404181 0.22946708463949844
0 0.5087108013937283 0.364576802507837 0.14198606271777003 0.08401253918495298
0 0.5052264808362369 0.25047021943573666 0.1402439024390244 0.14043887147335424
0 0.7739547038327527 0.3 0.3588850174216028 0.23699059561128527
0 0.8027003484320557 0.7382445141065831 0.30662020905923343 0.17178683385579938
0 0.26001742160278746 0.7517241379310344 0.3170731707317073 0.1523510971786834
0 0.5091463414634146 0.7589341692789968 0.15505226480836237 0.12664576802507838
0 0.5252613240418118 0.5432601880877743 0.8475609756097561 0.2495297805642633
1 0.052700348432055746 0.74858934169279 0.10540069686411149 0.07272727272727272
1 0.04660278745644599 0.5429467084639499 0.09320557491289198 0.07147335423197493
1 0.38109756097560976 0.6394984326018809 0.09233449477351917 0.07210031347962383
1 0.3867595818815331 0.38181818181818183 0.08101045296167247 0.07711598746081505
1 0.3950348432055749 0.24796238244514107 0.08013937282229965 0.06018808777429467
1 0.5426829268292683 0.43824451410658305 0.07926829268292683 0.05454545454545454
1 0.39590592334494773 0.7250783699059561 0.09581881533101046 0.05893416927899686
1 0.7861498257839721 0.6815047021943573 0.09407665505226481 0.064576802507837