0 0.6633093525179856 0.8395784543325527 0.21294964028776978 0.32084309133489464
0 0.5971223021582733 0.5930913348946136 0.07625899280575539 0.14168618266978922
0 0.7068345323741008 0.5925058548009368 0.1158273381294964 0.14285714285714285
0 0.2816546762589928 0.38934426229508196 0.11294964028776978 0.2259953161592506
0 0.3856115107913669 0.398711943793911 0.09496402877697842 0.21428571428571427
0 0.3258992805755396 0.13700234192037472 0.20719424460431654 0.27400468384074944
0 0.660431654676259 0.186768149882904 0.20863309352517986 0.19320843091334894
0 0.49712230215827335 0.5 0.5410071942446043 1
1 0.40827338129496404 0.2300936768149883 0.07985611510791367 0.10655737704918032
1 0.46618705035971225 0.405152224824356 0.06762589928057554 0.08430913348946135
1 0.48776978417266187 0.9707259953161592 0.07194244604316546 0.0585480093676815
1 0.5233812949640287 0.2382903981264637 0.06402877697841726 0.08782201405152225
1 0.5809352517985612 0.8442622950819673 0.07266187050359713 0.09836065573770492
1 0.5848920863309353 0.6346604215456675 0.0460431654676259 0.08899297423887588
1 0.5838129496402877 0.5497658079625293 0.04820143884892086 0.08313817330210772
1 0.6741007194244605 0.550351288056206 0.05467625899280575 0.09601873536299765
1 0.7345323741007195 0.40866510538641687 0.09352517985611511 0.117096018735363