0 0.3366906474820144 0.16042154566744732 0.21294964028776978 0.32084309133489464
0 0.4028776978417266 0.4069086651053864 0.07625899280575539 0.14168618266978922
0 0.2931654676258993 0.40749414519906324 0.1158273381294964 0.14285714285714285
0 0.7183453237410072 0.610655737704918 0.11294964028776978 0.2259953161592506
0 0.6143884892086331 0.6012880562060889 0.09496402877697842 0.21428571428571427
0 0.6741007194244605 0.8629976580796253 0.20719424460431654 0.27400468384074944
0 0.339568345323741 0.813231850117096 0.20863309352517986 0.19320843091334894
0 0.5028776978417266 0.5 0.5410071942446043 1
1 0.591726618705036 0.7699063231850117 0.07985611510791367 0.10655737704918032
1 0.5338129496402878 0.594847775175644 0.06762589928057554 0.08430913348946135
1 0.5122302158273381 0.02927400468384075 0.07194244604316546 0.0585480093676815
1 0.4766187050359712 0.7617096018735363 0.06402877697841726 0.08782201405152225
1 0.41906474820143885 0.1557377049180328 0.07266187050359713 0.09836065573770492
1 0.41510791366906474 0.36533957845433257 0.0460431654676259 0.08899297423887588
1 0.4161870503597122 0.4502341920374707 0.04820143884892086 0.08313817330210772
1 0.3258992805755396 0.4496487119437939 0.05467625899280575 0.09601873536299765
1 0.2654676258992806 0.5913348946135831 0.09352517985611511 0.117096018735363